298.1251846714004
313.97814507165816
316.8504362956121
312.6731863538516
273.8651383881272
312.0199463193599
321.0819134503161
295.90581198917624
271.11206086829316
292.9458233081485
298.2438453800949
306.3643281466642
273.0386780029269
277.36062866911396
321.1069373135897
240.90365687885566
285.4991994460256
250.9870485606639
230.75149744289217
247.64544380141626
261.41277156574665
302.9964820216631
262.18235362541526
272.2550317385191
250.62045625799354
284.90192825750603
286.4261906337
279.32750778160454
256.98737164815185
211.9386814981981
235.60514557798896
233.40748286514253
214.79535331812502
240.7471687980716
250.2172067561938
235.41388689827042
263.15390836490894
250.88261715417164
239.12572752835555
201.95743867306317
232.9365153866887
210.39368788863328
212.9092679489825
209.79924287933085
211.13211783236773
220.56801000515338
260.73648598465354
202.89664131919298
200.0258450813213
197.08610720697897
183.2584805486574
199.5875054765842
199.07859961115904
232.5588835059606
226.86431266329498
263.0836765809219
223.546283562214
241.00312443496009
230.94633105428292
232.6328295843025
230.49189797655063
216.627536856193
236.15204748447204
257.56148556446277
196.93335097443517
197.72516156509013
198.24015858537842
198.9531266583186
184.61697281728033
190.27594240737625
171.56976096600974
170.70238893205146
154.2032877633138
119.5956284417581
123.80162801451505
157.81250364789113
144.25041026341282
156.79912129004188
174.308447477196
164.6269629247099
159.5768668109738
161.9795872513881
159.94019457095385
144.9411752239507
182.49653703877718
186.66789112998015
188.9016300121248
195.03892437937802
186.89116732362564
226.11157985352864
207.55891730661807
184.25318432848127
207.51390001758872
191.01171091691955
203.85496813241858
182.02284407043095
189.23545582638758
205.50018449158014
216.14066298444737
213.10258913799316
