100

80
(((8 1 3 4 0 2 1 1 4 2 2 3 0 0 3 2 0 1 0 3 1 0 0 0 4 1 2 0 0 2 2 0 4 1 1 2 4 1 1 0 4 1 0 4 2 1 2 0 0 1 2 2 1 2 2 3 4 1 4 2 0) . 19)),(((14 0 1 0 3 1 1 1 0 1 4 4 1 2 3 4 3 2 2 0 1 1 0 2 4 2 4 1 3 1 3 0 3 2 4 0 2 0 0 3 4 1 0 2 1 1 3 1 1 2 4 2 1 1 3 1 3 1 4 4 2) . 6)),(((10 2 1 4 3 2 1 2 3 1 1 0 0 1 0 1 1 0 1 3 3 1 0 0 3 0 3 4 2 2 3 2 2 1 2 0 2 1 3 3 0 0 1 2 3 0 2 1 2 0 2 0 1 0 0 2 0 1 3 1 3) . 12)),(((9 1 3 2 3 0 4 2 2 0 4 1 3 0 4 3 4 0 2 0 4 2 3 0 0 0 2 3 3 1 0 2 1 0 3 2 1 1 4 4 0 2 3 4 4 0 4 1 1 1 1 2 3 0 3 0 2 1 4 1 3) . 7))
100

80
(((12 2 3 1 0 1 4 0 1 1 2 0 2 0 2 2 4 1 4 1 1 2 0 3 4 0 4 4 2 1 2 2 3 1 4 0 3 2 0 4 1 0 4 1 3 0 2 4 3 0 2 4 1 1 1 2 3 2 0 3 2) . 7)),(((4 1 4 4 3 2 3 2 0 0 4 1 4 2 3 2 4 2 1 2 1 2 1 0 4 2 2 4 2 0 1 0 4 1 0 0 2 2 3 2 3 0 1 1 1 0 4 3 0 0 2 1 3 1 3 2 0 1 3 0 1) . 10)),(((10 0 4 0 1 1 1 4 1 2 3 1 0 2 1 4 2 1 2 2 3 2 4 3 4 0 0 3 1 2 3 2 2 0 0 0 0 1 0 4 2 1 0 4 2 2 2 0 0 1 3 0 2 2 0 2 4 2 1 2 0) . 15)),(((5 2 4 2 4 1 4 0 2 1 4 3 3 0 3 2 4 2 3 4 4 0 2 3 3 0 0 2 3 2 1 1 1 0 0 4 1 0 0 3 3 0 1 4 4 1 0 1 2 2 3 3 0 1 1 1 1 2 1 0 3) . 6)),(((10 0 4 3 4 2 4 2 0 0 4 4 3 0 1 2 3 2 0 1 1 0 2 4 4 2 3 1 0 1 4 1 1 0 4 3 0 0 1 4 0 1 0 1 4 0 3 1 3 1 0 3 3 1 3 4 2 2 3 1 2) . 13))
60
(((4 1 4 4 3 2 3 2 0 0 4 1 4 2 3 2 4 2 1 2 1 2 1 0 4 2 2 4 2 0 1 0 4 1 0 0 2 2 3 2 3 0 1 1 1 0 4 3 0 0 2 1 3 1 3 2 0 1 3 0 1) . 8)),(((5 0 1 1 4 1 2 3 1 1 1 0 0 2 4 1 1 2 3 2 2 1 2 1 2 1 4 3 2 1 3 0 1 1 2 2 4 0 2 2 1 0 2 0 2 1 0 2 2 0 2 1 3 2 3 4 2 0 2 4 3) . 6)),(((10 0 4 0 1 1 1 4 1 2 3 1 0 2 1 4 2 1 2 2 3 2 4 3 4 0 0 3 1 2 3 2 2 0 0 0 0 1 0 4 2 1 0 4 2 2 2 0 0 1 3 0 2 2 0 2 4 2 1 2 0) . 21)),(((5 2 4 2 4 1 4 0 2 1 4 3 3 0 3 2 4 2 3 4 4 0 2 3 3 0 0 2 3 2 1 1 1 0 0 4 1 0 0 3 3 0 1 4 4 1 0 1 2 2 3 3 0 1 1 1 1 2 1 0 3) . 23)),(((10 0 4 3 4 2 4 2 0 0 4 4 3 0 1 2 3 2 0 1 1 0 2 4 4 2 3 1 0 1 4 1 1 0 4 3 0 0 1 4 0 1 0 1 4 0 3 1 3 1 0 3 3 1 3 4 2 2 3 1 2) . 9)),(((1 1 3 1 3 2 1 1 1 1 1 3 2 1 1 4 0 0 3 0 3 1 1 4 2 0 4 2 4 1 4 4 0 1 4 0 4 1 4 4 1 0 4 4 3 2 1 3 3 1 4 3 0 1 3 3 2 0 0 3 4) . 10))
40
(((12 2 3 1 0 1 4 0 1 1 2 0 2 0 2 2 4 1 4 1 1 2 0 3 4 0 4 4 2 1 2 2 3 1 4 0 3 2 0 4 1 0 4 1 3 0 2 4 3 0 2 4 1 1 1 2 3 2 0 3 2) . 10)),(((4 1 4 4 3 2 3 2 0 0 4 1 4 2 3 2 4 2 1 2 1 2 1 0 4 2 2 4 2 0 1 0 4 1 0 0 2 2 3 2 3 0 1 1 1 0 4 3 0 0 2 1 3 1 3 2 0 1 3 0 1) . 12)),(((6 2 2 4 0 0 3 1 1 2 3 2 4 2 2 2 2 1 0 4 1 1 4 1 1 1 2 2 1 0 0 1 3 1 3 2 4 1 3 0 2 2 2 3 0 1 0 1 2 1 4 4 2 1 1 3 0 1 2 0 0) . 6)),(((5 2 4 2 4 1 4 0 2 1 4 3 3 0 3 2 4 2 3 4 4 0 2 3 3 0 0 2 3 2 1 1 1 0 0 4 1 0 0 3 3 0 1 4 4 1 0 1 2 2 3 3 0 1 1 1 1 2 1 0 3) . 14)),(((10 0 4 0 1 1 1 4 1 2 3 1 0 2 1 4 2 1 2 2 3 2 4 3 4 0 0 3 1 2 3 2 2 0 12 0 0 1 0 4 2 1 0 4 2 2 2 0 0 1 3 0 2 2 0 2 4 2 1 2 0) . 11)),(((10 0 4 3 4 2 4 2 0 0 4 4 3 0 1 2 3 2 0 1 1 0 2 4 4 2 3 1 0 1 4 1 1 0 4 3 0 0 1 4 0 1 0 1 4 0 3 1 3 1 0 3 3 1 3 4 2 2 3 1 2) . 14)),(((1 1 3 1 3 2 1 1 1 1 1 3 2 1 1 4 0 0 3 0 3 1 1 4 2 0 4 2 4 1 4 4 0 1 4 0 4 1 4 4 1 0 4 4 3 2 1 3 3 1 4 3 0 1 3 3 2 0 0 3 4) . 9))
20
(((10 0 4 3 4 2 4 11 0 0 4 4 3 0 1 2 3 2 0 1 1 0 2 4 4 2 3 1 0 1 4 1 1 0 4 3 0 0 1 4 0 1 0 1 4 0 3 1 3 1 0 3 3 1 3 4 2 2 3 1 2) . 6)),(((4 1 4 4 3 2 3 2 0 0 4 1 4 2 3 2 4 2 1 2 1 2 1 0 4 2 2 4 2 0 1 0 4 1 0 0 2 2 3 2 3 0 1 1 1 0 4 3 0 0 2 1 3 1 3 2 0 1 3 0 1) . 11)),(((10 0 4 0 1 1 1 4 1 2 3 1 0 2 1 4 2 1 2 2 3 2 4 3 4 0 0 3 1 2 3 2 2 0 0 0 0 1 0 4 2 1 0 4 2 2 2 0 0 1 3 0 2 2 0 2 4 2 1 2 0) . 8)),(((6 2 2 4 0 0 3 1 1 2 3 2 4 2 2 2 2 1 0 4 1 1 4 1 1 1 2 2 1 0 0 1 3 1 3 2 4 1 3 0 2 2 2 3 0 1 0 1 2 1 4 4 2 1 1 3 0 1 2 0 0) . 18)),(((5 2 4 2 4 1 4 0 2 1 4 3 3 0 3 2 4 2 3 4 4 0 2 3 3 0 0 2 3 2 1 1 1 0 0 4 1 0 0 3 3 0 1 4 4 1 0 1 2 2 3 3 0 1 1 1 1 2 1 0 3) . 13)),(((10 0 4 0 1 1 1 4 1 2 3 1 0 2 1 4 2 1 2 2 3 2 4 3 4 0 0 3 1 2 3 2 2 0 12 0 0 1 0 4 2 1 0 4 2 2 2 0 0 1 3 0 2 2 0 2 4 2 1 2 0) . 17)),(((10 0 4 3 4 2 4 2 0 0 4 4 3 0 1 2 3 2 0 1 1 0 2 4 4 2 3 1 0 1 4 1 1 0 4 3 0 0 1 4 0 1 0 1 4 0 3 1 3 1 0 3 3 1 3 4 2 2 3 1 2) . 7))
