313.3353919291832
288.2647660679227
308.56066551838444
291.25965668406985
272.92511407054604
277.75818549668804
307.22800188202757
293.84383865715665
333.6920126855128
317.2241849862118
334.03455469508214
313.412176475069
310.70976042140023
292.9845210469366
314.71121516806755
290.90346881068166
286.5895971300536
290.31691953547767
334.22119695373476
318.2743910210761
330.6320876486428
335.87926743937794
367.93058325421424
326.56397778739137
357.5428322577453
331.18586128926813
352.0572101987925
373.06423453245384
347.3791542095457
366.21238708392406
315.0154787229621
337.50975062060405
321.9213668920725
365.0457396352521
376.2910125498555
378.46863590285756
371.07346522321336
382.23634942368926
385.2498417630818
370.82231678445874
413.0544244668924
428.1029677474952
445.02983708002904
432.9007260063364
431.3091906828821
444.9698848977172
443.50884778239504
441.0200361743801
429.6511671553843
452.6070410534637
460.94122748380966
445.1314368171749
456.7178790963029
461.54782867858944
460.9292503653811
462.39331283452805
458.18499253309085
453.9102686488503
452.85283155407063
483.3497830690271
483.55264773759524
472.27798453320975
483.2335431690272
484.80380216247687
483.4077379939092
484.80680216247725
484.5163243624772
474.7926657952276
480.8176043755775
485.53031986247726
485.3144799624772
484.92720016247716
484.3403163624771
480.8239624755772
485.1828420624772
485.09232436247703
481.5286442755772
476.9013267886775
477.4001585926766
485.05196226247705
475.8067156952277
474.84142389522793
481.5069180755774
481.0614003755773
471.8543042073278
474.9784885740909
475.5265235952274
471.230206407328
462.2971937400782
483.9676923405474
485.57034656147715
481.87218867457705
486.86782466047663
485.90312915947703
485.62018646147686
485.89976305947704
481.909006873577
486.67858196147694
478.48791058767716
481.8753749735772
