100

80
(((4 2 1 1 1 0 1 0 1 1 0 0 0 0 0 1 0 0 0 1 0 1 0 0 1) . 7)),(((3 2 0 0 1 0 0 1 1 1 1 0 1 0 0 1 0 1 1 1 1 0 1 1 0) . 19)),(((4 1 0 0 1 2 0 0 0 2 0 0 1 2 0 0 1 1 1 1 0 2 0 1 1) . 10)),(((4 1 0 0 1 2 0 0 0 2 0 0 1 2 1 0 1 1 1 1 0 2 0 1 1) . 11))
60
(((3 2 0 0 1 0 0 1 1 1 1 0 1 0 0 1 0 1 1 1 1 0 1 1 0) . 10)),(((1 1 0 1 0 1 0 1 1 0 0 1 0 0 1 0 1 2 1 0 0 1 1 1 1) . 7)),(((1 1 0 0 1 2 1 0 0 1 0 1 0 0 1 1 0 2 1 0 0 1 0 0 0) . 19)),(((4 1 0 0 1 2 0 0 0 2 0 0 1 2 0 0 1 1 1 1 0 2 0 1 1) . 37)),(((3 0 0 1 0 1 1 1 0 2 1 0 0 0 0 1 0 1 1 0 0 0 0 1 1) . 7))
40
(((1 1 0 1 0 1 0 1 1 0 0 1 0 0 1 0 1 2 1 0 0 1 1 1 1) . 9)),(((1 1 0 0 1 2 1 0 0 1 0 1 0 0 1 1 0 2 1 0 0 1 0 0 0) . 37)),(((4 1 0 0 1 2 0 0 0 2 0 0 1 2 0 0 1 1 1 1 0 2 0 1 1) . 33)),(((4 2 0 0 1 1 1 1 0 1 0 0 1 2 0 0 1 0 1 1 1 2 1 1 1) . 8))
20
(((1 1 0 1 0 1 0 1 1 0 0 1 0 0 1 0 1 2 1 0 0 1 1 1 1) . 13)),(((1 1 0 0 1 2 1 0 0 1 0 1 0 0 1 1 0 2 1 0 0 1 0 0 0) . 25)),(((4 1 0 0 1 2 0 0 0 2 0 0 1 2 0 0 1 1 1 1 0 2 0 1 1) . 28)),(((4 1 0 0 1 2 0 0 0 2 0 5 1 2 0 0 1 1 1 1 0 2 0 1 1) . 8)),(((3 0 0 1 0 1 1 1 0 2 1 0 0 0 0 1 0 1 1 0 0 0 0 1 1) . 8))
