249
543
252
525
244
525
243
525
245
527
257
522
245
522
232
529
221
537
220
538
209
548
209
532
204
536
195
541
194
534
191
522
202
499
197
492
202
468
201
466
200
471
203
457
201
450
195
442
200
444
191
439
194
441
198
435
205
431
200
434
211
426
207
439
195
439
196
436
195
431
200
429
211
420
206
416
222
407
215
418
213
419
215
422
213
430
216
411
212
411
214
390
221
389
222
393
232
400
233
395
241
384
246
374
252
372
248
374
243
372
256
366
262
354
263
351
265
336
259
323
269
322
283
308
285
295
281
295
291
275
302
263
313
263
318
260
339
248
361
229
354
219
356
208
375
201
384
188
392
177
405
173
400
159
399
150
400
150
400
146
406
136
409
131
418
130
425
123
439
116
441
112
462
107
476
100
492
89
495
84
498
81
498
81
508
78
531
65
546
58
553
49
564
44
565
47
564
48
582
44
596
41
602
40
607
40
606
35
595
37
602
34
616
34
625
35
646
34
642
34
636
31
653
29
657
26
655
25
661
26
671
24
681
23
687
24
692
23
690
20
686
20
697
19
703
16
702
15
698
15
701
15
722
11
727
10
735
9
738
9
734
8
741
8
742
8
743
7
750
6
749
6
751
5
763
4
765
4
770
4
768
6
777
5
779
4
793
4
803
4
802
4
805
2
807
2
801
2
790
2
800
1
797
0
791
0
803
0
802
0
806
0
805
0
816
0
818
0
811
0
815
0
815
0
806
0
823
0
823
0
825
0
826
0
826
0
828
0
831
0
838
0
831
0
835
0
846
0
844
0
847
0
850
0
850
0
850
0
850
0
849
0
854
0
852
0
856
0
852
0
849
0
846
0
842
0
849
0
848
0
836
0
844
0
850
0
858
0
857
0
867
0
872
0
865
0
866
0
872
0
873
0
871
0
874
0
874
0
879
0
871
0
867
0
864
0
868
0
864
0
858
0
860
0
860
0
863
0
863
0
863
0
868
0
871
0
880
0
885
0
886
0
885
0
875
0
879
0
875
0
876
0
883
0
881
0
881
0
874
0
878
0
881
0
888
0
882
0
886
0
889
0
891
0
888
0
888
0
890
0
886
0
889
0
891
0
885
0
884
0
881
0
889
0
893
0
901
0
904
0
897
0
900
0
905
0
905
0
903
0
907
0
909
0
905
0
912
0
908
0
910
0
911
0
910
0
908
0
907
0
908
0
911
0
907
0
906
0
911
0
907
0
906
0
906
0
911
0
912
0
913
0
914
0
912
0
916
0
914
0
912
0
908
0
907
0
903
0
904
0
909
0
912
0
926
0
922
0
918
0
915
0
919
0
921
0
927
0
929
0
931
0
935
0
933
0
934
0
932
0
932
0
937
0
931
0
929
0
927
0
934
0
931
0
936
0
936
0
937
0
935
0
933
0
934
0
939
0
943
0
943
0
947
0
950
0
953
0
958
0
952
0
951
0
945
0
948
0
945
0
943
0
946
0
943
0
946
0
948
0
948
0
952
0
951
0
945
0
945
0
954
0
956
0
954
0
953
0
952
0
949
0
951
0
949
0
950
0
956
0
955
0
957
0
953
0
955
0
958
0
956
0
955
0
957
0
962
0
958
0
963
0
959
0
953
0
956
0
959
0
961
0
962
0
959
0
956
0
955
0
954
0
954
0
955
0
956
0
957
0
954
0
950
0
950
0
947
0
949
0
948
0
945
0
945
0
945
0
954
0
957
0
958
0
955
0
955
0
954
0
947
0
947
0
949
0
950
0
953
0
952
0
953
0
953
0
953
0
956
0
955
0
956
0
956
0
955
0
956
0
955
0
954
0
954
0
954
0
957
0
953
0
956
0
959
0
959
0
959
0
955
0
951
0
953
0
956
0
955
0
958
0
959
0
957
0
956
0
953
0
952
0
946
0
947
0
946
0
943
0
946
0
944
0
943
0
945
0
944
0
942
0
942
0
937
0
941
0
938
0
939
0
937
0
932
0
927
0
927
0
924
0
931
0
927
0
924
0
924
0
922
0
927
0
934
0
935
0
933
0
933
0
933
0
931
0
936
0
938
0
940
0
941
0
945
0
940
0
943
0
948
0
948
0
945
0
944
0
941
0
940
0
934
0
936
0
937
0
938
0
936
0
936
0
941
0
938
0
936
0
933
0
935
0
936
0
937
0
933
0
928
0
931
0
925
0
922
0
926
0
918
0
923
0
925
0
928
0
931
0
926
0
928
0
923
0
922
0
921
0
920
0
919
0
919
0
916
0
912
0
906
0
909
0
909
0
913
0
906
0
908
0
910
0
914
0
913
0
908
0
911
0
912
0
911
0
906
0
908
0
910
0
901
0
905
0
904
0
912
0
916
0
919
0
928
0
924
0
920
0
915
0
910
0
910
0
904
0
901
0
897
0
902
0
903
0
900
0
905
0
907
0
905
0
903
0
907
0
903
0
900
0
895
0
889
0
890
0
892
0
891
0
897
0
898
0
893
0
899
0
906
0
906
0
903
0
905
0
908
0
915
0
920
0
916
0
907
0
910
0
907
0
900
0
903
0
904
0
906
0
916
0
918
0
913
0
916
0
914
0
919
0
914
0
915
0
915
0
919
0
919
0
912
0
912
0
913
0
907
0
908
0
902
0
907
0
911
0
912
0
911
0
906
0
905
0
898
0
891
0
890
0
881
0
884
0
882
0
879
0
883
0
888
0
894
0
895
0
891
0
891
0
884
0
885
0
887
0
892
0
888
0
886
0
882
0
882
0
876
0
877
0
872
0
874
0
876
0
883
0
884
0
884
0
887
0
896
0
894
0
904
0
904
0
912
0
911
0
913
0
916
0
915
0
919
0
923
0
923
0
925
0
926
0
927
0
922
0
930
0
932
0
942
0
940
0
938
0
937
0
933
0
933
0
934
0
932
0
933
0
929
0
931
0
927
0
926
0
930
0
932
0
932
0
934
0
935
0
940
0
939
0
942
0
942
0
937
0
937
0
936
0
936
0
935
0
937
0
942
0
938
0
942
0
944
0
949
0
951
0
946
0
952
0
953
0
948
0
940
0
939
0
938
0
940
0
939
0
940
0
940
0
940
0
938
0
941
0
937
0
929
0
925
0
925
0
925
0
927
0
927
0
931
0
932
0
933
0
943
0
942
0
939
0
940
0
932
0
930
0
931
0
937
0
930
0
932
0
930
0
931
0
931
0
939
0
935
0
935
0
933
0
928
0
929
0
924
0
925
0
925
0
927
0
926
0
936
0
929
0
933
0
932
0
929
0
924
0
930
0
928
0
925
0
929
0
930
0
938
0
929
0
937
0
941
0
939
0
945
0
947
0
948
0
946
0
945
0
947
0
949
0
951
0
948
0
949
0
954
0
956
0
955
0
956
0
951
0
950
0
945
0
947
0
949
0
949
0
951
0
957
0
955
0
952
0
948
0
949
0
946
0
944
0
942
0
941
0
945
0
938
0
942
0
940
0
937
0
939
0
933
0
935
0
931
0
924
0
929
0
925
0
922
0
923
0
919
0
922
0
920
0
917
0
916
0
917
0
916
0
918
0
916
0
918
0
917
0
913
0
915
0
914
0
922
0
927
0
925
0
923
0
919
0
917
0
914
0
911
0
917
0
922
0
919
0
926
0
927
0
929
0
932
0
931
0
937
0
937
0
942
0
938
0
935
0
936
0
935
0
932
0
927
0
925
0
920
0
922
0
918
0
919
0
912
0
915
0
925
0
924
0
925
0
917
0
912
0
917
0
912
0
913
0
913
0
911
0
905
0
907
0
905
0
904
0
903
0
902
0
899
0
900
0
904
0
902
0
897
0
898
0
894
0
896
0
894
0
896
0
901
0
906
0
908
0
904
0
904
0
907
0
908
0
901
0
897
0
895
0
894
0
895
0
888
0
888
0
886
0
886
0
890
0
892
0
891
0
892
0
895
0
901
0
906
0
905
0
904
0
906
0
910
0
910
0
900
0
893
0
892
0
891
0
894
0
904
0
911
0
909
0
915
0
921
0
915
0
922
0
919
0
916
0
910
0
909
0
914
0
911
0
915
0
913
0
911
0
907
0
915
0
908
0
906
0
898
0
901
0
900
0
907
0
906
0
902
0
900
0
904
0
905
0
898
0
900
0
905
0
909
0
909
0
906
0
905
0
907
0
908
0
909
0
911
0
907
0
908
0
910
0
905
0
904
0
907
0
907
0
902
0
900
0
906
0
912
0
904
0
909
0
914
0
919
0
915
0
913
0
916
0
919
0
916
0
921
0
919
0
921
0
928
0
932
0
932
0
929
0
936
0
932
0
937
0
932
0
931
0
930
0
925
0
928
0
929
0
934
0
927
0
925
0
934
0
937
0
937
0
935
0
929
0
930
0
933
0
929
0
930
0
928
0
932
0
928
0
924
0
926
0
918
0
921
0
924
0
920
0
911
0
901
0
897
0
902
0
898
0
897
0
894
0
890
0
891
0
892
0
899
0
902
0
907
0
909
0
909
0
899
0
898
0
905
0
905
0
908
0
