235
464
242
459
233
467
232
458
231
459
236
456
217
472
213
477
224
462
228
457
215
471
218
462
217
473
210
477
200
483
195
486
194
469
192
457
188
445
189
442
192
440
187
437
196
431
203
435
205
426
206
426
204
432
202
438
203
421
200
423
198
430
204
419
199
416
190
421
187
426
187
429
183
443
189
433
188
425
194
425
202
419
192
427
184
424
187
418
184
420
184
410
176
402
168
408
167
407
159
420
172
417
176
410
176
407
177
401
170
403
161
406
166
395
171
387
173
390
179
379
192
362
190
354
187
353
188
358
175
357
171
345
173
354
176
350
184
350
180
353
170
353
177
360
179
358
175
364
174
363
177
366
175
365
170
352
176
357
171
347
171
348
175
346
179
344
173
341
178
331
180
331
180
333
177
331
169
331
167
320
161
320
164
309
166
300
178
293
174
291
170
283
184
272
196
267
204
256
206
241
202
250
200
244
192
240
189
245
190
234
193
224
191
214
189
214
184
207
194
197
198
189
198
188
208
179
222
169
237
161
240
155
244
154
255
148
261
150
261
140
262
131
269
129
272
118
276
111
280
103
289
98
303
93
305
86
316
81
313
75
323
74
331
77
329
71
349
70
353
70
356
67
366
60
357
59
365
58
372
57
375
59
388
52
397
47
413
44
419
43
428
38
438
36
447
37
452
36
454
31
458
30
466
29
474
27
486
26
497
25
503
20
521
17
521
19
527
18
531
15
527
15
527
13
546
14
553
12
564
14
564
11
574
11
582
9
587
9
603
8
612
8
619
8
622
8
631
8
645
7
653
6
657
6
671
6
676
5
678
5
683
5
689
3
692
3
692
2
690
2
693
3
700
3
707
2
714
3
731
1
731
1
740
1
744
0
735
0
734
0
747
0
752
0
755
0
763
0
757
0
757
0
762
0
771
0
777
0
786
0
782
0
782
0
789
0
794
0
797
0
816
0
822
0
823
0
831
0
830
0
836
0
844
0
846
0
851
0
850
0
857
0
858
0
865
0
862
0
862
0
863
0
861
0
857
0
867
0
869
0
871
0
869
0
873
0
878
0
883
0
878
0
880
0
877
0
881
0
880
0
884
0
885
0
878
0
880
0
884
0
887
0
888
0
886
0
890
0
894
0
899
0
902
0
899
0
909
0
911
0
911
0
909
0
911
0
909
0
905
0
904
0
900
0
898
0
904
0
901
0
904
0
909
0
914
0
917
0
922
0
925
0
923
0
918
0
919
0
923
0
926
0
926
0
924
0
925
0
923
0
921
0
927
0
929
0
931
0
933
0
932
0
941
0
941
0
939
0
945
0
946
0
947
0
953
0
956
0
955
0
956
0
957
0
957
0
958
0
955
0
954
0
957
0
962
0
962
0
956
0
960
0
958
0
958
0
964
0
964
0
964
0
960
0
966
0
964
0
966
0
967
0
971
0
971
0
971
0
972
0
972
0
974
0
975
0
974
0
978
0
978
0
980
0
976
0
972
0
975
0
974
0
974
0
978
0
974
0
975
0
975
0
979
0
979
0
980
0
980
0
982
0
978
0
980
0
979
0
981
0
981
0
981
0
981
0
983
0
982
0
983
0
984
0
984
0
981
0
981
0
983
0
982
0
975
0
975
0
974
0
974
0
970
0
973
0
974
0
973
0
974
0
974
0
977
0
976
0
973
0
971
0
971
0
972
0
973
0
976
0
977
0
979
0
977
0
980
0
977
0
977
0
980
0
978
0
976
0
978
0
982
0
980
0
981
0
980
0
979
0
977
0
978
0
978
0
980
0
981
0
981
0
984
0
983
0
983
0
983
0
984
0
984
0
984
0
987
0
988
0
988
0
988
0
988
0
987
0
986
0
984
0
985
0
985
0
981
0
982
0
980
0
981
0
981
0
980
0
983
0
984
0
983
0
983
0
984
0
982
0
979
0
978
0
981
0
982
0
982
0
983
0
985
0
983
0
985
0
987
0
988
0
987
0
989
0
989
0
987
0
986
0
984
0
986
0
989
0
991
0
990
0
988
0
989
0
987
0
986
0
988
0
991
0
991
0
994
0
992
0
993
0
992
0
992
0
991
0
991
0
991
0
991
0
989
0
990
0
991
0
990
0
991
0
992
0
992
0
993
0
993
0
993
0
993
0
993
0
994
0
994
0
996
0
998
0
998
0
998
0
998
0
997
0
996
0
996
0
997
0
997
0
999
0
1000
0
1000
0
1000
0
1000
0
1000
0
1000
0
1000
0
1000
0
1000
0
1000
0
1000
0
1000
0
1000
0
1000
0
1000
0
1000
0
1000
0
1000
0
1000
0
1000
0
1000
0
1000
0
1000
0
1000
0
1000
0
1000
0
1000
0
1000
0
1000
0
1000
0
1000
0
1000
0
1000
0
1000
0
1000
0
1000
0
1000
0
1000
0
1000
0
1000
0
1000
0
1000
0
1000
0
1000
0
1000
0
1000
0
1000
0
1000
0
1000
0
1000
0
1000
0
1000
0
1000
0
1000
0
1000
0
1000
0
1000
0
1000
0
1000
0
1000
0
1000
0
1000
0
1000
0
1000
0
1000
0
1000
0
1000
0
1000
0
1000
0
1000
0
1000
0
1000
0
1000
0
1000
0
1000
0
1000
0
1000
0
1000
0
1000
0
1000
0
1000
0
1000
0
1000
0
1000
0
1000
0
1000
0
1000
0
1000
0
1000
0
1000
0
1000
0
1000
0
1000
0
1000
0
1000
0
1000
0
1000
0
1000
0
1000
0
1000
0
1000
0
1000
0
1000
0
1000
0
1000
0
1000
0
1000
0
1000
0
1000
0
1000
0
1000
0
1000
0
1000
0
1000
0
1000
0
1000
0
1000
0
1000
0
1000
0
1000
0
1000
0
1000
0
1000
0
1000
0
1000
0
1000
0
1000
0
1000
0
1000
0
1000
0
1000
0
1000
0
1000
0
1000
0
1000
0
1000
0
1000
0
1000
0
1000
0
1000
0
1000
0
1000
0
1000
0
1000
0
1000
0
1000
0
1000
0
1000
0
1000
0
1000
0
1000
0
1000
0
1000
0
1000
0
1000
0
1000
0
1000
0
1000
0
1000
0
1000
0
1000
0
1000
0
1000
0
1000
0
1000
0
1000
0
1000
0
1000
0
1000
0
1000
0
1000
0
1000
0
1000
0
1000
0
1000
0
1000
0
1000
0
1000
0
1000
0
1000
0
1000
0
1000
0
1000
0
1000
0
1000
0
1000
0
1000
0
1000
0
1000
0
1000
0
1000
0
1000
0
1000
0
1000
0
1000
0
1000
0
1000
0
1000
0
1000
0
1000
0
1000
0
1000
0
1000
0
1000
0
1000
0
1000
0
1000
0
1000
0
1000
0
1000
0
1000
0
1000
0
1000
0
1000
0
1000
0
1000
0
1000
0
1000
0
1000
0
1000
0
1000
0
1000
0
1000
0
1000
0
1000
0
1000
0
1000
0
1000
0
1000
0
1000
0
1000
0
1000
0
1000
0
1000
0
1000
0
1000
0
1000
0
1000
0
1000
0
1000
0
1000
0
1000
0
1000
0
1000
0
1000
0
1000
0
1000
0
1000
0
1000
0
1000
0
1000
0
1000
0
1000
0
1000
0
1000
0
1000
0
1000
0
1000
0
1000
0
1000
0
1000
0
1000
0
1000
0
1000
0
1000
0
1000
0
1000
0
1000
0
1000
0
1000
0
1000
0
1000
0
1000
0
1000
0
1000
0
1000
0
1000
0
1000
0
1000
0
1000
0
1000
0
1000
0
1000
0
1000
0
1000
0
1000
0
1000
0
1000
0
1000
0
1000
0
1000
0
1000
0
1000
0
1000
0
1000
0
1000
0
1000
0
1000
0
1000
0
1000
0
1000
0
1000
0
1000
0
1000
0
1000
0
1000
0
1000
0
1000
0
1000
0
1000
0
1000
0
1000
0
1000
0
1000
0
1000
0
1000
0
1000
0
1000
0
1000
0
1000
0
1000
0
1000
0
1000
0
1000
0
1000
0
1000
0
1000
0
1000
0
1000
0
1000
0
1000
0
1000
0
1000
0
1000
0
1000
0
1000
0
1000
0
1000
0
1000
0
1000
0
1000
0
1000
0
1000
0
1000
0
1000
0
1000
0
1000
0
1000
0
1000
0
1000
0
1000
0
1000
0
1000
0
1000
0
1000
0
1000
0
1000
0
1000
0
1000
0
1000
0
1000
0
1000
0
1000
0
1000
0
1000
0
1000
0
1000
0
1000
0
1000
0
1000
0
1000
0
1000
0
1000
0
1000
0
1000
0
1000
0
1000
0
1000
0
1000
0
1000
0
1000
0
1000
0
1000
0
1000
0
1000
0
1000
0
1000
0
1000
0
1000
0
1000
0
1000
0
1000
0
1000
0
1000
0
1000
0
1000
0
1000
0
1000
0
1000
0
1000
0
1000
0
1000
0
1000
0
1000
0
1000
0
1000
0
1000
0
1000
0
1000
0
1000
0
1000
0
1000
0
1000
0
1000
0
1000
0
1000
0
1000
0
1000
0
1000
0
1000
0
1000
0
1000
0
1000
0
1000
0
1000
0
1000
0
1000
0
1000
0
1000
0
1000
0
1000
0
1000
0
1000
0
1000
0
1000
0
1000
0
1000
0
1000
0
1000
0
1000
0
1000
0
1000
0
1000
0
1000
0
1000
0
1000
0
1000
0
1000
0
1000
0
1000
0
1000
0
1000
0
1000
0
1000
0
1000
0
1000
0
1000
0
1000
0
1000
0
1000
0
1000
0
1000
0
1000
0
1000
0
1000
0
1000
0
1000
0
1000
0
1000
0
1000
0
1000
0
1000
0
1000
0
1000
0
1000
0
1000
0
1000
0
1000
0
1000
0
1000
0
1000
0
1000
0
1000
0
1000
0
1000
0
1000
0
1000
0
1000
0
1000
0
1000
0
1000
0
1000
0
1000
0
1000
0
1000
0
1000
0
1000
0
1000
0
1000
0
1000
0
1000
0
1000
0
1000
0
1000
0
1000
0
1000
0
1000
0
1000
0
1000
0
1000
0
1000
0
1000
0
1000
0
