243
650
235
647
227
653
216
658
213
659
207
663
197
667
180
685
171
687
167
687
151
690
147
683
141
691
141
694
129
698
123
701
127
686
123
680
120
679
118
677
116
679
104
691
99
689
95
691
89
706
83
722
78
725
73
722
68
724
69
724
65
726
61
727
64
719
55
714
50
717
49
712
42
722
39
722
41
730
41
735
40
746
38
749
33
743
30
731
28
738
23
740
22
749
21
756
21
754
19
765
17
776
18
782
16
777
13
768
13
766
10
766
9
771
9
775
9
784
8
795
8
794
8
798
8
799
7
802
6
801
7
802
6
800
6
807
5
811
5
801
3
810
3
810
3
805
3
812
2
815
2
817
2
820
2
817
2
818
1
826
1
819
0
813
0
808
0
805
0
794
0
796
0
798
0
794
0
792
0
793
0
789
0
790
0
783
0
779
0
772
0
776
0
771
0
763
0
766
0
776
0
772
0
776
0
776
0
777
0
776
0
780
0
780
0
770
0
774
0
772
0
769
0
767
0
766
0
753
0
745
0
746
0
739
0
733
0
738
0
737
0
747
0
731
0
734
0
742
0
744
0
741
0
734
0
738
0
746
0
732
0
724
0
721
0
710
0
701
0
711
0
720
0
720
0
718
0
724
0
723
0
724
0
726
0
724
0
723
0
719
0
725
0
733
0
718
0
719
0
714
0
720
0
710
0
708
0
710
0
700
0
702
0
716
0
720
0
725
0
726
0
723
0
721
0
719
0
715
0
710
0
707
0
715
0
712
0
697
0
694
0
693
0
690
0
692
0
684
0
682
0
688
0
690
0
687
0
683
0
688
0
678
0
668
0
673
0
667
0
666
0
670
0
666
0
670
0
667
0
654
0
663
0
659
0
656
0
652
0
660
0
664
0
662
0
666
0
670
0
663
0
665
0
659
0
661
0
681
0
674
0
679
0
686
0
697
0
706
0
704
0
699
0
696
0
709
0
705
0
704
0
717
0
726
0
732
0
739
0
742
0
746
0
749
0
739
0
740
0
728
0
727
0
723
0
718
0
721
0
715
0
709
0
708
0
716
0
716
0
706
0
703
0
699
0
709
0
708
0
713
0
730
0
736
0
744
0
738
0
739
0
751
0
745
0
739
0
744
0
739
0
742
0
735
0
735
0
733
0
744
0
753
0
750
0
734
0
733
0
729
0
730
0
736
0
731
0
740
0
734
0
735
0
740
0
738
0
730
0
733
0
729
0
728
0
735
0
732
0
723
0
732
0
725
0
720
0
716
0
726
0
722
0
725
0
738
0
737
0
732
0
739
0
728
0
728
0
735
0
740
0
748
0
752
0
759
0
760
0
752
0
746
0
744
0
747
0
743
0
748
0
750
0
747
0
741
0
748
0
752
0
752
0
757
0
755
0
745
0
749
0
743
0
743
0
754
0
755
0
754
0
753
0
750
0
761
0
748
0
750
0
755
0
761
0
753
0
736
0
740
0
737
0
731
0
740
0
737
0
744
0
748
0
752
0
747
0
747
0
741
0
733
0
739
0
739
0
743
0
749
0
762
0
764
0
759
0
761
0
757
0
762
0
772
0
768
0
774
0
784
0
786
0
784
0
801
0
800
0
789
0
795
0
791
0
786
0
779
0
779
0
776
0
766
0
769
0
775
0
783
0
777
0
771
0
766
0
761
0
751
0
753
0
752
0
747
0
752
0
743
0
754
0
762
0
765
0
774
0
778
0
785
0
782
0
777
0
780
0
777
0
784
0
783
0
784
0
781
0
787
0
787
0
788
0
791
0
789
0
790
0
791
0
806
0
813
0
809
0
801
0
803
0
796
0
799
0
793
0
785
0
777
0
770
0
761
0
773
0
765
0
772
0
758
0
755
0
752
0
760
0
766
0
762
0
752
0
738
0
749
0
749
0
745
0
746
0
745
0
741
0
748
0
753
0
762
0
772
0
785
0
788
0
786
0
784
0
779
0
772
0
771
0
769
0
764
0
768
0
766
0
763
0
760
0
769
0
771
0
764
0
758
0
761
0
765
0
762
0
760
0
761
0
762
0
762
0
763
0
763
0
764
0
772
0
768
0
769
0
760
0
760
0
762
0
764
0
757
0
760
0
762
0
751
0
757
0
758
0
763
0
765
0
770
0
768
0
773
0
773
0
770
0
778
0
773
0
768
0
777
0
773
0
775
0
773
0
771
0
772
0
761
0
769
0
770
0
773
0
770
0
769
0
764
0
761
0
763
0
764
0
764
0
761
0
764
0
758
0
763
0
754
0
750
0
751
0
759
0
771
0
767
0
774
0
766
0
763
0
762
0
768
0
769
0
766
0
772
0
769
0
768
0
756
0
762
0
765
0
769
0
778
0
773
0
760
0
763
0
766
0
751
0
756
0
751
0
758
0
756
0
753
0
761
0
770
0
765
0
766
0
770
0
779
0
786
0
783
0
776
0
780
0
788
0
789
0
793
0
796
0
804
0
800
0
788
0
786
0
783
0
794
0
790
0
793
0
799
0
791
0
794
0
787
0
775
0
764
0
763
0
776
0
784
0
777
0
783
0
775
0
778
0
778
0
772
0
774
0
760
0
761
0
769
0
768
0
756
0
755
0
758
0
766
0
769
0
774
0
780
0
794
0
803
0
810
0
808
0
807
0
810
0
810
0
797
0
790
0
783
0
778
0
768
0
770
0
771
0
774
0
770
0
774
0
769
0
774
0
773
0
780
0
766
0
761
0
764
0
774
0
776
0
777
0
786
0
780
0
778
0
779
0
777
0
778
0
780
0
769
0
769
0
768
0
768
0
762
0
769
0
777
0
781
0
777
0
778
0
779
0
778
0
769
0
770
0
772
0
771
0
760
0
756
0
764
0
760
0
763
0
759
0
763
0
757
0
763
0
763
0
762
0
754
0
749
0
749
0
752
0
751
0
753
0
743
0
747
0
742
0
737
0
738
0
738
0
740
0
729
0
719
0
718
0
722
0
719
0
714
0
705
0
705
0
701
0
705
0
709
0
715
0
718
0
715
0
708
0
712
0
718
0
709
0
713
0
715
0
716
0
716
0
717
0
706
0
717
0
711
0
716
0
715
0
720
0
720
0
708
0
701
0
704
0
701
0
702
0
719
0
725
0
729
0
733
0
720
0
738
0
739
0
742
0
748
0
742
0
746
0
743
0
735
0
733
0
725
0
722
0
717
0
706
0
705
0
696
0
694
0
700
0
690
0
708
0
719
0
718
0
708
0
727
0
731
0
741
0
746
0
751
0
752
0
744
0
751
0
752
0
759
0
758
0
761
0
750
0
751
0
764
0
759
0
759
0
764
0
765
0
769
0
779
0
779
0
781
0
782
0
782
0
777
0
778
0
778
0
772
0
771
0
776
0
783
0
781
0
775
0
781
0
785
0
789
0
782
0
775
0
777
0
774
0
770
0
766
0
765
0
769
0
761
0
764
0
770
0
770
0
767
0
775
0
771
0
762
0
779
0
774
0
774
0
778
0
776
0
769
0
782
0
799
0
802
0
803
0
805
0
803
0
802
0
803
0
807
0
813
0
817
0
819
0
826
0
827
0
833
0
834
0
838
0
840
0
845
0
836
0
837
0
840
0
846
0
847
0
842
0
846
0
851
0
857
0
860
0
853
0
860
0
850
0
846
0
845
0
842
0
847
0
847
0
845
0
839
0
843
0
839
0
851
0
855
0
850
0
848
0
852
0
852
0
853
0
848
0
847
0
849
0
841
0
838
0
845
0
839
0
845
0
851
0
859
0
861
0
856
0
853
0
851
0
856
0
857
0
862
0
868
0
875
0
876
0
882
0
883
0
887
0
888
0
884
0
890
0
889
0
890
0
886
0
887
0
893
0
899
0
895
0
896
0
898
0
896
0
888
0
884
0
897
0
890
0
890
0
877
0
868
0
873
0
871
0
867
0
864
0
865
0
867
0
866
0
866
0
873
0
872
0
875
0
872
0
873
0
872
0
864
0
858
0
857
0
860
0
862
0
854
0
850
0
852
0
854
0
862
0
853
0
851
0
855
0
856
0
857
0
865
0
861
0
859
0
863
0
866
0
871
0
875
0
875
0
871
0
874
0
871
0
877
0
877
0
884
0
881
0
878
0
880
0
883
0
888
0
882
0
882
0
890
0
886
0
896
0
902
0
908
0
901
0
903
0
902
0
910
0
905
0
907
0
911
0
910
0
907
0
912
0
910
0
912
0
906
0
908
0
904
0
899
0
898
0
893
0
894
0
894
0
891
0
896
0
895
0
902
0
893
0
895
0
899
0
899
0
891
0
887
0
890
0
886
0
886
0
894
0
891
0
889
0
892
0
899
0
904
0
900
0
896
0
897
0
888
0
897
0
898
0
902
0
905
0
903
0
903
0
901
0
898
0
892
0
890
0
890
0
889
0
889
0
892
0
895
0
897
0
903
0
902
0
898
0
895
0
892
0
888
0
888
0
886
0
890
0
892
0
889
0
891
0
882
0
881
0
887
0
874
0
873
0
872
0
871
0
875
