337
554
325
562
327
547
317
555
340
537
336
533
326
532
332
530
336
515
337
513
341
506
338
495
342
497
342
493
350
472
356
464
368
454
373
439
376
420
377
416
386
405
398
388
404
381
416
366
428
352
423
334
427
323
434
304
437
295
436
280
459
263
476
244
476
225
481
211
479
206
494
191
493
186
498
181
491
171
487
171
485
169
485
164
488
159
482
155
493
141
502
132
507
122
515
119
529
118
534
107
536
98
541
94
540
93
549
89
557
86
572
80
582
75
590
72
595
68
599
62
608
60
621
54
615
49
619
49
622
49
618
46
640
41
652
37
660
38
657
39
656
36
664
33
674
32
675
33
678
34
677
35
686
30
681
28
679
28
690
28
691
26
679
27
678
23
681
21
691
22
693
21
688
17
692
16
701
17
697
15
689
11
689
8
688
8
693
8
693
8
697
7
703
8
707
8
712
8
719
7
712
7
710
6
705
6
692
6
691
6
680
4
685
5
687
4
697
4
692
4
687
4
683
4
687
3
695
2
699
2
688
2
702
2
695
2
702
2
696
1
700
1
705
0
706
0
710
0
704
0
715
0
718
0
718
0
713
0
716
0
709
0
714
0
696
0
705
0
707
0
704
0
711
0
710
0
707
0
712
0
712
0
716
0
715
0
718
0
716
0
718
0
710
0
706
0
703
0
707
0
703
0
706
0
704
0
697
0
693
0
696
0
699
0
701
0
711
0
704
0
709
0
725
0
726
0
730
0
726
0
735
0
740
0
743
0
740
0
731
0
729
0
733
0
734
0
736
0
742
0
749
0
746
0
738
0
756
0
744
0
752
0
755
0
760
0
772
0
769
0
784
0
785
0
784
0
792
0
789
0
792
0
786
0
786
0
795
0
802
0
807
0
817
0
821
0
826
0
834
0
828
0
828
0
831
0
839
0
846
0
840
0
839
0
836
0
830
0
835
0
837
0
829
0
840
0
838
0
835
0
836
0
846
0
847
0
850
0
849
0
850
0
849
0
852
0
856
0
852
0
848
0
843
0
841
0
842
0
851
0
853
0
854
0
864
0
871
0
868
0
872
0
877
0
881
0
878
0
874
0
880
0
877
0
876
0
878
0
877
0
882
0
880
0
875
0
877
0
870
0
863
0
873
0
869
0
865
0
867
0
861
0
864
0
865
0
866
0
864
0
861
0
856
0
860
0
856
0
853
0
858
0
864
0
859
0
858
0
853
0
857
0
851
0
854
0
859
0
861
0
867
0
868
0
867
0
869
0
874
0
870
0
875
0
882
0
884
0
879
0
885
0
882
0
886
0
890
0
887
0
886
0
894
0
893
0
898
0
901
0
900
0
898
0
897
0
897
0
902
0
901
0
898
0
899
0
909
0
905
0
900
0
896
0
896
0
887
0
898
0
899
0
897
0
895
0
895
0
892
0
885
0
877
0
871
0
868
0
864
0
865
0
862
0
857
0
854
0
864
0
861
0
870
0
871
0
866
0
860
0
845
0
844
0
838
0
841
0
834
0
828
0
828
0
818
0
814
0
805
0
806
0
806
0
796
0
799
0
794
0
790
0
789
0
776
0
771
0
773
0
770
0
767
0
775
0
774
0
773
0
769
0
774
0
772
0
779
0
774
0
762
0
768
0
768
0
765
0
762
0
765
0
754
0
753
0
755
0
754
0
758
0
757
0
757
0
762
0
764
0
761
0
763
0
769
0
767
0
776
0
771
0
765
0
756
0
748
0
740
0
736
0
733
0
725
0
733
0
734
0
734
0
727
0
735
0
731
0
734
0
747
0
750
0
752
0
753
0
755
0
747
0
756
0
762
0
763
0
752
0
752
0
739
0
749
0
744
0
752
0
752
0
753
0
748
0
751
0
745
0
747
0
743
0
743
0
741
0
732
0
739
0
736
0
732
0
736
0
737
0
741
0
747
0
748
0
748
0
743
0
732
0
739
0
741
0
746
0
736
0
740
0
734
0
739
0
730
0
733
0
723
0
731
0
734
0
721
0
725
0
731
0
724
0
717
0
717
0
720
0
728
0
724
0
724
0
729
0
734
0
721
0
734
0
726
0
726
0
720
0
724
0
728
0
726
0
733
0
740
0
742
0
734
0
739
0
743
0
736
0
726
0
735
0
736
0
726
0
737
0
733
0
739
0
745
0
739
0
747
0
737
0
741
0
741
0
736
0
741
0
749
0
746
0
743
0
747
0
746
0
749
0
752
0
754
0
750
0
755
0
753
0
753
0
753
0
752
0
742
0
737
0
742
0
746
0
745
0
750
0
753
0
747
0
755
0
747
0
734
0
730
0
731
0
732
0
721
0
718
0
720
0
708
0
713
0
712
0
713
0
701
0
695
0
706
0
712
0
709
0
712
0
715
0
719
0
719
0
728
0
733
0
726
0
728
0
729
0
727
0
733
0
733
0
735
0
744
0
735
0
735
0
726
0
718
0
718
0
710
0
711
0
713
0
718
0
720
0
705
0
695
0
699
0
686
0
688
0
696
0
688
0
700
0
706
0
700
0
705
0
708
0
708
0
717
0
723
0
726
0
719
0
717
0
719
0
715
0
716
0
709
0
694
0
695
0
697
0
699
0
689
0
685
0
673
0
674
0
675
0
676
0
671
0
669
0
670
0
671
0
681
0
688
0
682
0
680
0
670
0
664
0
668
0
670
0
677
0
675
0
667
0
685
0
674
0
664
0
668
0
674
0
669
0
659
0
652
0
667
0
670
0
672
0
675
0
673
0
679
0
682
0
683
0
673
0
673
0
659
0
660
0
664
0
664
0
666
0
666
0
659
0
661
0
668
0
661
0
658
0
661
0
669
0
666
0
669
0
678
0
673
0
671
0
675
0
676
0
669
0
667
0
666
0
662
0
660
0
663
0
668
0
670
0
682
0
685
0
679
0
683
0
681
0
678
0
673
0
670
0
675
0
670
0
666
0
670
0
686
0
691
0
689
0
693
0
698
0
691
0
693
0
683
0
690
0
686
0
682
0
683
0
679
0
675
0
678
0
683
0
673
0
662
0
657
0
658
0
650
0
656
0
659
0
645
0
646
0
651
0
645
0
636
0
628
0
636
0
635
0
645
0
640
0
641
0
655
0
649
0
652
0
659
0
641
0
648
0
655
0
654
0
645
0
644
0
655
0
661
0
647
0
650
0
644
0
642
0
652
0
655
0
661
0
662
0
657
0
661
0
651
0
659
0
659
0
663
0
647
0
651
0
650
0
645
0
650
0
652
0
655
0
661
0
654
0
649
0
651
0
659
0
641
0
646
0
641
0
635
0
646
0
645
0
645
0
649
0
642
0
635
0
633
0
628
0
618
0
626
0
638
0
642
0
636
0
628
0
630
0
634
0
624
0
617
0
611
0
604
0
599
0
605
0
614
0
603
0
605
0
604
0
603
0
600
0
600
0
592
0
600
0
596
0
588
0
583
0
583
0
584
0
599
0
605
0
605
0
603
0
609
0
604
0
613
0
626
0
627
0
640
0
639
0
622
0
626
0
623
0
619
0
617
0
621
0
618
0
617
0
623
0
612
0
605
0
596
0
596
0
583
0
569
0
573
0
584
0
584
0
598
0
596
0
598
0
583
0
588
0
595
0
602
0
605
0
612
0
600
0
593
0
583
0
579
0
576
0
574
0
580
0
589
0
581
0
595
0
595
0
600
0
604
0
598
0
596
0
596
0
594
0
600
0
590
0
580
0
583
0
583
0
575
0
570
0
578
0
569
0
566
0
573
0
565
0
565
0
573
0
563
0
569
0
577
0
584
0
583
0
572
0
577
0
581
0
581
0
591
0
593
0
597
0
602
0
599
0
605
0
617
0
622
0
619
0
626
0
635
0
635
0
628
0
614
0
617
0
602
0
599
0
601
0
604
0
602
0
604
0
603
0
611
0
611
0
619
0
618
0
608
0
606
0
596
0
607
0
601
0
591
0
579
0
591
0
594
0
597
0
606
0
613
0
617
0
619
0
614
0
617
0
617
0
623
0
621
0
616
0
628
0
637
0
640
0
647
0
644
0
645
0
636
0
633
0
619
0
625
0
626
0
633
0
641
0
633
0
645
0
649
0
646
0
648
0
658
0
655
0
661
0
656
0
653
0
652
0
646
0
641
0
646
0
653
0
656
0
643
0
629
0
641
0
652
0
647
0
654
0
640
0
645
0
640
0
615
0
617
0
617
0
619
0
608
0
598
0
601
0
606
0
612
0
604
0
601
0
595
0
598
0
601
0
591
0
605
0
608
0
603
0
604
0
610
0
609
0
611
0
603
0
599
0
591
0
603
0
600
0
596
0
601
0
610
0
604
0
610
0
618
0
627
0
632
0
632
0
638
0
644
0
646
0
643
0
642
0
646
0
652
0
650
0
646
0
637
0
649
0
649
0
659
0
654
0
649
0
662
0
652
0
651
0
664
0
668
0
655
0
668
0
661
0
675
0
672
0
668
0
667
0
660
0
657
0
665
0
655
0
643
0
638
0
627
0
625
0
624
0
