150
244
147
246
146
244
154
250
152
239
157
232
154
230
157
240
155
231
163
229
169
221
170
223
173
215
187
215
192
209
191
208
196
205
201
205
196
207
186
199
189
200
203
184
204
178
220
174
233
166
233
171
237
172
226
178
237
183
240
182
243
182
246
183
259
185
263
185
265
180
276
176
283
163
294
156
294
155
294
149
299
154
301
155
303
157
305
160
309
156
314
152
312
146
314
147
328
141
320
146
329
136
332
134
349
134
348
128
358
120
378
114
387
112
397
111
402
104
417
102
413
103
424
94
433
87
441
87
456
79
459
74
470
72
489
67
500
66
501
63
499
57
516
49
536
49
533
51
539
49
549
47
546
51
552
47
560
42
559
41
572
38
591
35
595
32
596
32
594
27
602
24
596
27
583
25
590
24
592
22
591
22
590
21
598
19
600
18
603
16
602
15
617
15
628
12
634
11
646
11
645
12
638
10
641
8
633
7
637
7
648
7
657
6
668
6
684
5
679
5
679
5
688
7
696
6
692
5
703
4
704
4
705
4
708
4
706
3
705
3
706
3
709
2
720
2
716
2
716
2
716
2
720
1
726
1
730
1
731
1
741
1
738
1
737
1
739
0
739
0
745
0
745
0
751
0
750
0
754
0
757
0
765
0
763
0
775
0
790
0
794
0
802
0
808
0
807
0
805
0
809
0
820
0
819
0
810
0
810
0
808
0
808
0
804
0
808
0
813
0
815
0
815
0
816
0
824
0
831
0
827
0
819
0
821
0
814
0
816
0
818
0
815
0
803
0
794
0
787
0
786
0
780
0
789
0
795
0
797
0
791
0
780
0
786
0
786
0
800
0
802
0
804
0
798
0
799
0
804
0
806
0
796
0
794
0
783
0
788
0
789
0
789
0
792
0
786
0
782
0
777
0
781
0
776
0
781
0
777
0
789
0
786
0
792
0
791
0
780
0
784
0
793
0
792
0
802
0
809
0
812
0
814
0
829
0
817
0
818
0
805
0
795
0
792
0
796
0
795
0
797
0
801
0
810
0
807
0
802
0
801
0
802
0
795
0
800
0
808
0
814
0
805
0
802
0
804
0
804
0
810
0
798
0
797
0
802
0
807
0
809
0
808
0
810
0
809
0
805
0
798
0
788
0
783
0
777
0
784
0
784
0
791
0
793
0
796
0
794
0
798
0
801
0
789
0
779
0
778
0
780
0
780
0
797
0
787
0
790
0
792
0
799
0
804
0
804
0
792
0
793
0
791
0
790
0
783
0
789
0
796
0
789
0
786
0
780
0
773
0
769
0
766
0
781
0
782
0
793
0
791
0
793
0
791
0
786
0
787
0
785
0
784
0
795
0
801
0
796
0
792
0
792
0
796
0
794
0
802
0
809
0
810
0
807
0
798
0
807
0
811
0
812
0
815
0
827
0
824
0
830
0
829
0
832
0
822
0
818
0
819
0
821
0
822
0
824
0
818
0
824
0
821
0
817
0
806
0
807
0
813
0
820
0
821
0
813
0
811
0
821
0
823
0
814
0
814
0
811
0
812
0
811
0
813
0
808
0
800
0
805
0
809
0
806
0
805
0
810
0
819
0
822
0
825
0
826
0
819
0
815
0
806
0
805
0
814
0
811
0
813
0
806
0
802
0
798
0
791
0
783
0
780
0
779
0
781
0
780
0
780
0
780
0
782
0
776
0
768
0
761
0
762
0
771
0
770
0
771
0
773
0
768
0
765
0
767
0
774
0
779
0
776
0
782
0
784
0
791
0
786
0
796
0
799
0
810
0
812
0
806
0
802
0
806
0
804
0
790
0
784
0
783
0
779
0
776
0
775
0
775
0
765
0
770
0
782
0
773
0
774
0
777
0
793
0
793
0
784
0
786
0
782
0
789
0
781
0
795
0
795
0
791
0
786
0
794
0
791
0
789
0
788
0
787
0
783
0
780
0
782
0
780
0
770
0
772
0
760
0
766
0
766
0
762
0
769
0
758
0
756
0
751
0
744
0
744
0
743
0
753
0
753
0
748
0
754
0
750
0
755
0
749
0
755
0
753
0
752
0
747
0
744
0
750
0
745
0
752
0
754
0
756
0
763
0
760
0
762
0
772
0
773
0
781
0
773
0
772
0
761
0
765
0
765
0
770
0
761
0
757
0
771
0
766
0
772
0
770
0
766
0
767
0
761
0
756
0
748
0
750
0
759
0
764
0
765
0
765
0
765
0
766
0
764
0
763
0
768
0
776
0
787
0
776
0
778
0
780
0
769
0
773
0
777
0
783
0
790
0
795
0
792
0
803
0
811
0
806
0
805
0
810
0
820
0
825
0
823
0
823
0
826
0
832
0
822
0
822
0
827
0
822
0
823
0
820
0
833
0
837
0
845
0
851
0
853
0
859
0
858
0
858
0
854
0
861
0
870
0
868
0
868
0
868
0
863
0
869
0
868
0
866
0
867
0
862
0
867
0
874
0
876
0
872
0
859
0
850
0
842
0
842
0
846
0
844
0
844
0
837
0
843
0
841
0
841
0
838
0
828
0
826
0
826
0
823
0
815
0
815
0
813
0
815
0
822
0
825
0
821
0
822
0
831
0
837
0
834
0
828
0
835
0
835
0
840
0
838
0
839
0
838
0
836
0
835
0
839
0
849
0
854
0
856
0
859
0
861
0
857
0
859
0
845
0
834
0
836
0
828
0
828
0
833
0
838
0
839
0
848
0
843
0
849
0
841
0
851
0
855
0
851
0
851
0
846
0
853
0
851
0
852
0
856
0
856
0
856
0
854
0
840
0
838
0
833
0
843
0
832
0
832
0
829
0
836
0
825
0
832
0
820
0
814
0
813
0
813
0
808
0
811
0
800
0
789
0
788
0
786
0
787
0
792
0
797
0
803
0
810
0
815
0
811
0
812
0
806
0
813
0
814
0
823
0
825
0
833
0
831
0
831
0
826
0
819
0
821
0
809
0
809
0
801
0
797
0
803
0
798
0
794
0
790
0
800
0
805
0
802
0
798
0
793
0
786
0
781
0
776
0
785
0
780
0
787
0
784
0
781
0
776
0
773
0
764
0
763
0
755
0
757
0
760
0
765
0
769
0
774
0
774
0
774
0
778
0
777
0
780
0
777
0
768
0
778
0
761
0
768
0
767
0
770
0
761
0
757
0
751
0
740
0
743
0
755
0
765
0
766
0
756
0
758
0
747
0
729
0
732
0
731
0
730
0
725
0
726
0
731
0
743
0
744
0
755
0
754
0
753
0
751
0
752
0
754
0
741
0
742
0
741
0
749
0
744
0
740
0
740
0
746
0
745
0
750
0
757
0
750
0
747
0
744
0
746
0
747
0
748
0
757
0
756
0
751
0
748
0
737
0
736
0
734
0
730
0
741
0
738
0
752
0
745
0
746
0
737
0
722
0
721
0
719
0
720
0
712
0
708
0
713
0
706
0
709
0
692
0
691
0
691
0
691
0
687
0
690
0
681
0
668
0
670
0
673
0
672
0
663
0
673
0
679
0
689
0
683
0
683
0
676
0
676
0
675
0
670
0
669
0
677
0
679
0
679
0
682
0
675
0
674
0
668
0
667
0
667
0
668
0
671
0
676
0
676
0
673
0
668
0
661
0
666
0
668
0
676
0
683
0
695
0
692
0
686
0
678
0
677
0
677
0
673
0
684
0
684
0
682
0
684
0
687
0
696
0
694
0
692
0
696
0
702
0
705
0
697
0
704
0
712
0
707
0
718
0
726
0
725
0
726
0
728
0
732
0
733
0
736
0
731
0
726
0
720
0
728
0
731
0
734
0
735
0
729
0
729
0
729
0
738
0
737
0
738
0
725
0
721
0
715
0
709
0
696
0
690
0
682
0
683
0
676
0
681
0
674
0
667
0
674
0
679
0
672
0
680
0
691
0
690
0
686
0
685
0
687
0
686
0
694
0
691
0
693
0
695
0
692
0
704
0
702
0
702
0
714
0
721
0
714
0
718
0
718
0
727
0
726
0
721
0
721
0
712
0
706
0
709
0
705
0
714
0
718
0
723
0
727
0
735
0
739
0
732
0
732
0
730
0
723
0
734
0
731
0
730
0
731
0
731
0
725
0
727
0
724
0
717
0
721
0
720
0
715
0
726
0
726
0
724
0
722
0
724
0
726
0
722
0
722
0
731
0
718
0
719
0
704
0
708
0
715
0
716
0
720
0
722
0
719
0
713
0
710
0
710
0
702
0
709
0
709
0
716
0
713
0
725
0
744
0
754
0
755
0
763
0
762
0
770
0
771
0
762
0
757
0
758
0
758
0
752
0
760
0
762
0
754
0
756
0
760
0
763
0
768
0
772
0
775
0
767
0
769
0
771
0
769
0
762
0
764
0
771
0
776
0
775
0
779
0
780
0
775
0
774
0
783
0
779
0
779
0
777
0
784
0
787
0
788
0
799
0
808
0
813
0
813
0
821
0
826
0
834
0
834
0
835
0
838
0
842
0
836
0
821
0
816
0
811
0
806
0
814
0
816
0
