249
248
254
237
253
237
251
240
257
233
256
243
261
234
262
233
269
225
276
214
275
211
275
200
282
193
283
185
283
173
289
173
303
161
309
157
319
153
341
141
343
137
345
129
346
134
358
133
362
132
372
132
381
122
398
116
400
112
395
110
405
104
408
99
405
102
403
100
413
96
411
101
415
98
422
88
432
92
430
95
435
94
435
88
439
84
443
82
451
76
452
73
457
69
451
67
474
64
476
61
472
58
481
53
497
47
501
42
507
42
524
38
538
35
551
31
552
29
557
26
558
25
571
25
583
23
581
21
581
23
583
24
592
20
594
19
597
18
601
17
601
13
594
15
614
15
624
14
623
14
620
14
616
12
607
10
601
8
601
6
605
5
615
5
624
4
628
4
618
3
624
2
631
2
638
2
634
2
631
2
636
2
645
2
652
0
641
0
642
0
658
0
657
0
665
0
653
0
655
0
650
0
653
0
649
0
653
0
661
0
666
0
672
0
689
0
702
0
707
0
710
0
716
0
710
0
716
0
722
0
724
0
735
0
730
0
732
0
733
0
737
0
747
0
739
0
744
0
733
0
742
0
737
0
733
0
739
0
749
0
748
0
755
0
753
0
761
0
771
0
774
0
770
0
777
0
785
0
793
0
788
0
788
0
796
0
794
0
792
0
787
0
794
0
784
0
791
0
796
0
800
0
802
0
799
0
792
0
788
0
791
0
800
0
807
0
816
0
809
0
810
0
809
0
812
0
814
0
820
0
824
0
824
0
830
0
829
0
824
0
820
0
821
0
821
0
820
0
817
0
825
0
827
0
827
0
833
0
832
0
831
0
832
0
825
0
820
0
823
0
818
0
819
0
817
0
813
0
811
0
814
0
820
0
820
0
819
0
823
0
822
0
820
0
818
0
818
0
824
0
831
0
839
0
843
0
849
0
864
0
870
0
871
0
872
0
880
0
876
0
879
0
869
0
864
0
870
0
866
0
865
0
871
0
866
0
867
0
868
0
865
0
859
0
869
0
861
0
867
0
870
0
858
0
855
0
865
0
866
0
866
0
868
0
871
0
865
0
857
0
858
0
863
0
863
0
873
0
880
0
884
0
882
0
873
0
880
0
877
0
877
0
873
0
871
0
874
0
867
0
875
0
870
0
865
0
862
0
863
0
862
0
865
0
860
0
855
0
846
0
844
0
843
0
848
0
854
0
858
0
860
0
860
0
867
0
873
0
870
0
877
0
875
0
876
0
875
0
872
0
872
0
869
0
867
0
860
0
861
0
862
0
869
0
872
0
872
0
868
0
870
0
871
0
872
0
875
0
880
0
873
0
862
0
864
0
864
0
858
0
863
0
869
0
872
0
870
0
871
0
886
0
890
0
897
0
904
0
901
0
902
0
901
0
907
0
906
0
906
0
904
0
902
0
901
0
905
0
906
0
914
0
918
0
924
0
926
0
921
0
918
0
918
0
912
0
910
0
912
0
908
0
909
0
910
0
913
0
910
0
901
0
902
0
904
0
904
0
909
0
905
0
905
0
905
0
908
0
907
0
907
0
901
0
906
0
904
0
907
0
904
0
905
0
908
0
906
0
902
0
897
0
894
0
892
0
893
0
903
0
904
0
902
0
907
0
908
0
907
0
909
0
911
0
910
0
910
0
913
0
909
0
910
0
908
0
907
0
911
0
912
0
916
0
906
0
908
0
911
0
901
0
903
0
904
0
905
0
898
0
891
0
889
0
892
0
893
0
895
0
893
0
894
0
876
0
867
0
864
0
868
0
861
0
863
0
870
0
866
0
857
0
863
0
860
0
864
0
871
0
875
0
875
0
874
0
871
0
863
0
868
0
869
0
861
0
870
0
863
0
875
0
871
0
868
0
876
0
881
0
880
0
876
0
878
0
874
0
866
0
863
0
869
0
866
0
857
0
864
0
868
0
879
0
881
0
883
0
879
0
881
0
881
0
884
0
881
0
875
0
874
0
862
0
873
0
882
0
882
0
877
0
876
0
876
0
878
0
878
0
873
0
871
0
869
0
863
0
856
0
855
0
855
0
856
0
861
0
861
0
864
0
862
0
872
0
868
0
872
0
880
0
877
0
877
0
869
0
866
0
866
0
874
0
871
0
871
0
876
0
867
0
861
0
866
0
864
0
874
0
869
0
861
0
861
0
857
0
855
0
850
0
849
0
847
0
849
0
846
0
837
0
843
0
840
0
843
0
845
0
838
0
833
0
826
0
814
0
817
0
816
0
816
0
815
0
811
0
802
0
812
0
804
0
794
0
786
0
783
0
783
0
782
0
785
0
795
0
795
0
796
0
791
0
784
0
791
0
790
0
786
0
789
0
788
0
791
0
795
0
802
0
796
0
790
0
784
0
789
0
789
0
787
0
788
0
784
0
791
0
795
0
797
0
793
0
797
0
802
0
802
0
800
0
794
0
789
0
782
0
789
0
787
0
782
0
789
0
792
0
796
0
790
0
799
0
797
0
800
0
793
0
785
0
787
0
782
0
778
0
768
0
773
0
781
0
780
0
776
0
775
0
777
0
773
0
779
0
783
0
782
0
776
0
786
0
783
0
786
0
786
0
790
0
793
0
792
0
788
0
790
0
790
0
798
0
795
0
796
0
792
0
800
0
800
0
799
0
793
0
796
0
794
0
798
0
803
0
801
0
806
0
811
0
811
0
809
0
804
0
801
0
799
0
802
0
795
0
796
0
806
0
805
0
796
0
792
0
790
0
789
0
796
0
806
0
805
0
812
0
812
0
805
0
804
0
800
0
801
0
802
0
801
0
808
0
804
0
798
0
808
0
805
0
808
0
812
0
810
0
801
0
790
0
797
0
795
0
791
0
792
0
794
0
795
0
794
0
795
0
795
0
794
0
787
0
775
0
769
0
772
0
781
0
784
0
782
0
781
0
780
0
780
0
775
0
773
0
774
0
774
0
760
0
751
0
745
0
737
0
735
0
735
0
739
0
733
0
736
0
738
0
730
0
739
0
733
0
735
0
736
0
730
0
730
0
736
0
748
0
744
0
753
0
754
0
755
0
756
0
764
0
757
0
765
0
762
0
769
0
774
0
782
0
791
0
782
0
789
0
790
0
785
0
778
0
783
0
790
0
794
0
797
0
794
0
795
0
791
0
795
0
790
0
781
0
790
0
793
0
791
0
793
0
787
0
793
0
785
0
781
0
780
0
786
0
782
0
777
0
774
0
762
0
762
0
756
0
759
0
747
0
746
0
755
0
760
0
755
0
750
0
753
0
744
0
749
0
757
0
766
0
769
0
763
0
766
0
764
0
775
0
783
0
789
0
800
0
804
0
809
0
804
0
806
0
808
0
803
0
805
0
811
0
799
0
805
0
811
0
802
0
804
0
808
0
808
0
809
0
804
0
810
0
814
0
820
0
826
0
824
0
819
0
818
0
811
0
810
0
818
0
817
0
823
0
819
0
820
0
818
0
816
0
814
0
815
0
812
0
821
0
821
0
818
0
812
0
819
0
823
0
827
0
833
0
818
0
819
0
823
0
820
0
812
0
809
0
809
0
805
0
805
0
819
0
823
0
827
0
825
0
824
0
824
0
836
0
843
0
835
0
827
0
834
0
835
0
835
0
836
0
846
0
845
0
842
0
847
0
841
0
847
0
845
0
843
0
846
0
846
0
845
0
851
0
846
0
844
0
839
0
843
0
842
0
853
0
847
0
842
0
837
0
828
0
841
0
834
0
833
0
830
0
830
0
822
0
825
0
824
0
820
0
824
0
822
0
821
0
825
0
832
0
831
0
831
0
834
0
821
0
813
0
808
0
806
0
802
0
798
0
797
0
793
0
792
0
787
0
796
0
801
0
804
0
808
0
798
0
788
0
782
0
775
0
779
0
784
0
797
0
788
0
790
0
786
0
792
0
796
0
795
0
792
0
798
0
796
0
796
0
804
0
820
0
828
0
833
0
835
0
845
0
841
0
838
0
839
0
843
0
845
0
847
0
850
0
845
0
844
0
838
0
839
0
836
0
832
0
834
0
826
0
835
0
835
0
840
0
843
0
842
0
840
0
848
0
853
0
856
0
859
0
867
0
865
0
870
0
861
0
863
0
863
0
857
0
856
0
858
0
857
0
866
0
862
0
857
0
852
0
855
0
859
0
863
0
857
0
861
0
852
0
855
0
845
0
845
0
846
0
851
0
846
0
858
0
861
0
858
0
855
0
850
0
851
0
861
0
862
0
870
0
861
0
864
0
868
0
867
0
868
0
865
0
869
0
871
0
875
0
875
0
881
0
880
0
882
0
872
0
862
0
858
0
847
0
844
0
844
0
850
0
848
0
838
0
838
0
838
0
843
0
842
0
836
0
830
0
829
0
831
0
834
0
835
0
827
0
829
0
836
0
833
0
843
0
838
0
831
0
825
0
839
0
839
0
833
0
826
0
826
0
819
0
810
0
819
0
828
0
829
0
831
0
838
0
835
0
836
0
834
0
838
0
843
0
844
0
844
0
845
0
849
0
851
0
848
0
