350
242
349
237
351
232
352
223
364
223
375
212
380
208
377
204
382
202
395
197
407
184
407
179
419
182
426
181
436
173
445
166
442
172
452
167
446
161
455
156
466
142
463
140
449
139
474
130
484
120
493
116
501
107
501
95
514
89
514
86
528
90
527
75
539
73
559
69
547
63
555
58
568
56
576
51
567
49
555
51
569
42
557
38
561
35
567
36
572
32
583
31
597
26
608
24
622
23
637
19
649
15
648
15
640
16
640
14
635
13
633
15
640
11
638
10
637
8
634
6
635
6
652
5
661
5
666
4
665
3
670
3
667
2
682
1
683
1
686
1
694
1
696
1
711
1
703
1
704
1
715
1
713
1
709
1
708
1
700
1
702
1
695
1
694
1
687
1
685
1
700
1
694
1
694
1
697
1
706
1
717
0
728
0
723
0
723
0
725
0
722
0
729
0
746
0
750
0
750
0
753
0
762
0
764
0
769
0
776
0
774
0
777
0
770
0
773
0
771
0
769
0
768
0
779
0
771
0
784
0
789
0
785
0
791
0
789
0
792
0
792
0
790
0
783
0
789
0
786
0
784
0
772
0
766
0
764
0
768
0
769
0
773
0
783
0
782
0
788
0
789
0
789
0
794
0
792
0
792
0
798
0
809
0
803
0
797
0
789
0
784
0
787
0
787
0
794
0
795
0
788
0
792
0
795
0
798
0
795
0
795
0
806
0
811
0
814
0
816
0
819
0
827
0
831
0
833
0
834
0
826
0
830
0
831
0
827
0
829
0
833
0
838
0
841
0
845
0
849
0
853
0
856
0
860
0
857
0
861
0
862
0
866
0
870
0
879
0
885
0
886
0
883
0
887
0
890
0
886
0
890
0
890
0
895
0
893
0
895
0
897
0
892
0
891
0
893
0
903
0
903
0
915
0
911
0
909
0
903
0
904
0
903
0
898
0
899
0
901
0
897
0
900
0
902
0
894
0
901
0
904
0
903
0
901
0
903
0
905
0
910
0
903
0
907
0
906
0
902
0
911
0
914
0
917
0
919
0
924
0
922
0
920
0
919
0
925
0
917
0
913
0
910
0
918
0
914
0
922
0
922
0
919
0
925
0
924
0
927
0
925
0
929
0
931
0
934
0
934
0
934
0
936
0
929
0
931
0
934
0
927
0
927
0
924
0
930
0
927
0
922
0
922
0
919
0
918
0
917
0
913
0
905
0
904
0
908
0
905
0
909
0
910
0
906
0
909
0
913
0
918
0
918
0
912
0
916
0
919
0
918
0
922
0
920
0
923
0
922
0
923
0
931
0
927
0
921
0
919
0
916
0
915
0
915
0
912
0
913
0
917
0
912
0
908
0
907
0
904
0
907
0
915
0
913
0
911
0
915
0
916
0
921
0
921
0
924
0
926
0
923
0
916
0
918
0
921
0
921
0
922
0
921
0
923
0
924
0
928
0
921
0
916
0
910
0
911
0
913
0
908
0
917
0
913
0
907
0
908
0
905
0
903
0
900
0
905
0
896
0
891
0
888
0
888
0
891
0
895
0
906
0
902
0
908
0
914
0
911
0
905
0
906
0
906
0
908
0
901
0
909
0
904
0
907
0
909
0
905
0
907
0
905
0
914
0
919
0
916
0
918
0
921
0
924
0
918
0
913
0
911
0
912
0
907
0
916
0
920
0
925
0
924
0
924
0
922
0
927
0
925
0
925
0
919
0
917
0
916
0
913
0
913
0
916
0
918
0
911
0
906
0
904
0
904
0
900
0
898
0
887
0
891
0
891
0
891
0
888
0
892
0
895
0
903
0
905
0
900
0
900
0
899
0
898
0
903
0
897
0
899
0
897
0
894
0
894
0
894
0
886
0
877
0
877
0
874
0
872
0
877
0
879
0
883
0
885
0
888
0
893
0
889
0
889
0
889
0
892
0
893
0
895
0
898
0
894
0
891
0
895
0
891
0
889
0
898
0
900
0
904
0
908
0
911
0
907
0
911
0
912
0
907
0
902
0
904
0
901
0
903
0
901
0
896
0
886
0
889
0
894
0
893
0
900
0
894
0
895
0
897
0
898
0
889
0
892
0
891
0
887
0
886
0
883
0
886
0
884
0
884
0
881
0
886
0
892
0
894
0
901
0
905
0
910
0
909
0
906
0
904
0
909
0
908
0
916
0
914
0
918
0
908
0
909
0
910
0
915
0
916
0
923
0
922
0
919
0
925
0
918
0
923
0
914
0
910
0
905
0
903
0
900
0
903
0
901
0
906
0
911
0
908
0
906
0
902
0
901
0
901
0
897
0
898
0
894
0
891
0
883
0
888
0
888
0
884
0
890
0
887
0
890
0
885
0
881
0
883
0
881
0
875
0
880
0
882
0
885
0
886
0
885
0
882
0
880
0
876
0
879
0
885
0
879
0
882
0
877
0
878
0
881
0
878
0
879
0
874
0
871
0
877
0
869
0
874
0
877
0
872
0
867
0
869
0
866
0
861
0
861
0
863
0
863
0
867
0
856
0
859
0
863
0
869
0
886
0
873
0
871
0
872
0
870
0
870
0
872
0
870
0
871
0
877
0
874
0
874
0
879
0
879
0
879
0
880
0
886
0
890
0
897
0
889
0
894
0
898
0
900
0
898
0
899
0
902
0
906
0
909
0
908
0
911
0
910
0
913
0
915
0
905
0
905
0
906
0
903
0
896
0
893
0
891
0
886
0
887
0
888
0
893
0
890
0
889
0
881
0
888
0
889
0
898
0
902
0
894
0
902
0
895
0
900
0
903
0
902
0
898
0
901
0
897
0
898
0
896
0
896
0
896
0
887
0
892
0
889
0
892
0
888
0
886
0
876
0
883
0
882
0
883
0
883
0
878
0
878
0
872
0
865
0
864
0
870
0
871
0
871
0
868
0
862
0
862
0
872
0
874
0
871
0
867
0
873
0
869
0
868
0
872
0
875
0
876
0
877
0
865
0
875
0
870
0
879
0
877
0
886
0
891
0
890
0
894
0
890
0
891
0
887
0
889
0
886
0
885
0
885
0
881
0
884
0
885
0
884
0
886
0
884
0
883
0
883
0
884
0
881
0
887
0
893
0
899
0
904
0
902
0
899
0
899
0
900
0
908
0
906
0
901
0
901
0
902
0
905
0
904
0
913
0
917
0
923
0
920
0
922
0
928
0
924
0
928
0
929
0
925
0
923
0
926
0
930
0
938
0
938
0
939
0
936
0
929
0
933
0
923
0
922
0
921
0
928
0
925
0
923
0
918
0
915
0
915
0
916
0
912
0
915
0
921
0
917
0
918
0
922
0
926
0
925
0
925
0
922
0
925
0
924
0
924
0
929
0
928
0
926
0
925
0
933
0
938
0
931
0
931
0
932
0
927
0
931
0
933
0
928
0
924
0
923
0
920
0
914
0
915
0
919
0
921
0
916
0
912
0
909
0
911
0
907
0
907
0
903
0
900
0
898
0
898
0
903
0
901
0
904
0
900
0
909
0
910
0
919
0
917
0
918
0
923
0
926
0
923
0
923
0
925
0
926
0
926
0
923
0
926
0
926
0
928
0
924
0
927
0
924
0
927
0
928
0
930
0
928
0
929
0
926
0
926
0
921
0
920
0
920
0
924
0
924
0
926
0
923
0
928
0
925
0
921
0
916
0
921
0
920
0
916
0
914
0
923
0
921
0
928
0
930
0
928
0
924
0
929
0
930
0
931
0
934
0
932
0
928
0
926
0
930
0
926
0
932
0
934
0
935
0
938
0
940
0
939
0
938
0
937
0
943
0
939
0
934
0
931
0
934
0
937
0
936
0
938
0
941
0
935
0
934
0
937
0
938
0
936
0
935
0
940
0
938
0
938
0
938
0
944
0
942
0
938
0
945
0
944
0
942
0
939
0
938
0
931
0
935
0
933
0
930
0
927
0
932
0
941
0
932
0
933
0
931
0
929
0
927
0
923
0
925
0
920
0
918
0
914
0
921
0
922
0
917
0
919
0
914
0
912
0
910
0
907
0
910
0
908
0
915
0
916
0
909
0
906
0
907
0
898
0
902
0
907
0
906
0
900
0
903
0
898
0
890
0
895
0
897
0
897
0
903
0
910
0
913
0
916
0
913
0
915
0
907
0
907
0
901
0
908
0
902
0
904
0
902
0
899
0
897
0
900
0
904
0
898
0
906
0
906
0
907
0
908
0
903
0
908
0
907
0
903
0
909
0
914
0
910
0
902
0
908
0
917
0
916
0
912
0
905
0
908
0
917
0
918
0
919
0
912
0
912
0
916
0
920
0
925
0
925
0
924
0
922
0
927
0
934
0
933
0
929
0
926
0
928
0
927
0
926
0
926
0
928
0
930
0
932
0
937
0
939
0
937
0
932
0
933
0
940
0
938
0
935
0
935
0
932
0
930
0
929
0
934
0
935
0
930
0
930
0
934
0
933
0
933
0
931
0
931
0
934
0
938
0
938
0
937
0
939
0
941
0
940
0
935
0
943
0
941
0
941
0
941
0
941
0
938
0
