147
756
128
782
117
791
110
795
103
802
92
806
82
815
81
818
71
826
63
836
60
845
51
855
44
858
39
872
37
879
37
873
34
878
29
874
27
872
25
880
21
876
18
881
19
880
19
885
18
887
15
894
14
891
12
898
11
899
11
897
11
901
10
894
10
889
10
889
12
891
10
890
10
895
8
888
7
890
7
902
6
908
5
908
5
913
3
916
4
914
4
907
2
910
0
916
0
917
0
922
0
924
0
914
0
922
0
925
0
937
0
938
0
937
0
941
0
939
0
937
0
935
0
936
0
934
0
931
0
938
0
943
0
945
0
939
0
941
0
946
0
950
0
940
0
945
0
944
0
941
0
931
0
931
0
931
0
939
0
938
0
937
0
938
0
936
0
935
0
930
0
930
0
929
0
927
0
929
0
926
0
928
0
934
0
931
0
931
0
926
0
917
0
916
0
920
0
922
0
920
0
917
0
913
0
911
0
912
0
907
0
895
0
903
0
897
0
901
0
905
0
905
0
904
0
907
0
913
0
914
0
920
0
924
0
926
0
928
0
926
0
926
0
925
0
925
0
929
0
924
0
919
0
917
0
917
0
909
0
913
0
908
0
904
0
909
0
908
0
903
0
910
0
915
0
921
0
920
0
919
0
924
0
921
0
921
0
920
0
924
0
920
0
917
0
914
0
912
0
922
0
923
0
925
0
927
0
930
0
931
0
925
0
920
0
920
0
914
0
921
0
916
0
918
0
913
0
917
0
919
0
918
0
922
0
927
0
928
0
924
0
924
0
921
0
922
0
919
0
914
0
916
0
916
0
918
0
919
0
909
0
911
0
912
0
916
0
917
0
925
0
929
0
933
0
936
0
933
0
928
0
927
0
919
0
925
0
921
0
917
0
920
0
923
0
918
0
917
0
917
0
916
0
920
0
925
0
929
0
930
0
925
0
928
0
926
0
931
0
937
0
934
0
936
0
943
0
939
0
943
0
944
0
948
0
953
0
956
0
957
0
952
0
951
0
949
0
952
0
949
0
948
0
949
0
948
0
949
0
946
0
944
0
950
0
952
0
951
0
952
0
945
0
941
0
938
0
936
0
939
0
939
0
935
0
933
0
939
0
938
0
932
0
930
0
926
0
926
0
926
0
921
0
924
0
924
0
923
0
918
0
922
0
918
0
914
0
912
0
912
0
924
0
926
0
924
0
924
0
929
0
926
0
928
0
927
0
927
0
922
0
925
0
925
0
926
0
927
0
928
0
924
0
919
0
923
0
921
0
921
0
925
0
926
0
922
0
929
0
933
0
930
0
929
0
935
0
937
0
935
0
932
0
932
0
930
0
925
0
918
0
916
0
913
0
914
0
911
0
915
0
916
0
913
0
913
0
912
0
917
0
919
0
920
0
921
0
923
0
927
0
931
0
932
0
925
0
928
0
930
0
927
0
925
0
925
0
930
0
928
0
929
0
935
0
937
0
946
0
949
0
947
0
949
0
952
0
953
0
954
0
959
0
954
0
953
0
956
0
954
0
956
0
955
0
957
0
953
0
954
0
955
0
952
0
951
0
948
0
944
0
947
0
949
0
943
0
942
0
943
0
941
0
938
0
935
0
930
0
928
0
924
0
929
0
931
0
939
0
941
0
935
0
940
0
938
0
937
0
934
0
937
0
935
0
930
0
928
0
927
0
925
0
925
0
923
0
925
0
920
0
919
0
924
0
919
0
922
0
917
0
912
0
909
0
912
0
912
0
901
0
911
0
916
0
914
0
909
0
911
0
911
0
920
0
924
0
918
0
924
0
922
0
924
0
919
0
909
0
909
0
909
0
909
0
913
0
915
0
910
0
909
0
904
0
901
0
892
0
888
0
885
0
882
0
885
0
879
0
881
0
881
0
884
0
877
0
877
0
869
0
868
0
872
0
876
0
876
0
873
0
871
0
880
0
876
0
874
0
865
0
860
0
862
0
869
0
878
0
879
0
877
0
879
0
883
0
873
0
884
0
882
0
874
0
874
0
883
0
882
0
880
0
880
0
886
0
890
0
894
0
899
0
897
0
902
0
904
0
901
0
907
0
906
0
903
0
902
0
896
0
903
0
902
0
907
0
904
0
902
0
905
0
900
0
898
0
899
0
905
0
909
0
903
0
900
0
908
0
910
0
908
0
907
0
905
0
901
0
905
0
900
0
895
0
894
0
897
0
894
0
900
0
900
0
901
0
902
0
893
0
888
0
886
0
885
0
872
0
873
0
872
0
874
0
869
0
867
0
861
0
863
0
861
0
856
0
854
0
848
0
845
0
842
0
836
0
839
0
832
0
821
0
823
0
827
0
833
0
836
0
832
0
839
0
847
0
846
0
839
0
837
0
839
0
842
0
830
0
838
0
836
0
832
0
834
0
836
0
839
0
849
0
854
0
863
0
865
0
852
0
851
0
848
0
853
0
850
0
842
0
837
0
836
0
837
0
833
0
836
0
835
0
844
0
851
0
853
0
847
0
848
0
856
0
866
0
856
0
866
0
865
0
869
0
878
0
884
0
882
0
884
0
887
0
893
0
889
0
890
0
890
0
888
0
894
0
890
0
890
0
887
0
885
0
884
0
882
0
892
0
884
0
885
0
889
0
886
0
880
0
876
0
874
0
873
0
870
0
870
0
873
0
871
0
872
0
869
0
874
0
867
0
870
0
865
0
872
0
863
0
867
0
868
0
873
0
875
0
878
0
881
0
880
0
881
0
879
0
871
0
869
0
872
0
872
0
875
0
871
0
872
0
876
0
878
0
878
0
882
0
878
0
877
0
880
0
879
0
882
0
887
0
884
0
881
0
873
0
886
0
881
0
883
0
885
0
877
0
880
0
877
0
879
0
878
0
876
0
876
0
875
0
878
0
886
0
885
0
890
0
890
0
894
0
885
0
883
0
886
0
883
0
880
0
884
0
882
0
888
0
893
0
896
0
898
0
900
0
895
0
898
0
901
0
898
0
894
0
896
0
896
0
901
0
902
0
908
0
915
0
920
0
921
0
920
0
933
0
934
0
927
0
925
0
923
0
931
0
935
0
933
0
928
0
930
0
935
0
933
0
929
0
925
0
923
0
927
0
924
0
932
0
935
0
934
0
937
0
937
0
943
0
947
0
944
0
945
0
940
0
944
0
948
0
955
0
958
0
960
0
955
0
952
0
953
0
956
0
958
0
960
0
959
0
957
0
957
0
961
0
957
0
961
0
964
0
968
0
970
0
972
0
971
0
973
0
973
0
976
0
974
0
975
0
978
0
976
0
976
0
975
0
975
0
977
0
976
0
975
0
973
0
973
0
976
0
976
0
976
0
977
0
974
0
970
0
970
0
968
0
972
0
966
0
970
0
967
0
965
0
961
0
960
0
962
0
965
0
967
0
968
0
966
0
967
0
968
0
965
0
965
0
968
0
968
0
967
0
968
0
968
0
968
0
971
0
972
0
973
0
974
0
975
0
972
0
973
0
972
0
972
0
971
0
971
0
969
0
970
0
968
0
974
0
974
0
970
0
972
0
971
0
969
0
968
0
969
0
970
0
971
0
963
0
962
0
958
0
957
0
959
0
958
0
960
0
964
0
962
0
961
0
955
0
951
0
952
0
953
0
957
0
963
0
970
0
968
0
971
0
971
0
968
0
967
0
966
0
967
0
967
0
964
0
966
0
965
0
967
0
971
0
971
0
972
0
970
0
967
0
962
0
962
0
961
0
959
0
956
0
959
0
953
0
955
0
956
0
962
0
964
0
963
0
963
0
962
0
967
0
966
0
966
0
968
0
971
0
970
0
968
0
969
0
970
0
969
0
969
0
967
0
967
0
966
0
962
0
962
0
962
0
961
0
963
0
961
0
963
0
965
0
968
0
967
0
970
0
971
0
973
0
969
0
967
0
968
0
968
0
967
0
967
0
968
0
968
0
970
0
971
0
971
0
972
0
970
0
970
0
970
0
974
0
967
0
971
0
968
0
970
0
971
0
970
0
967
0
963
0
963
0
959
0
962
0
963
0
966
0
971
0
976
0
976
0
974
0
973
0
970
0
971
0
974
0
976
0
975
0
977
0
975
0
975
0
977
0
978
0
978
0
979
0
980
0
980
0
983
0
985
0
986
0
984
0
985
0
988
0
988
0
990
0
991
0
993
0
991
0
992
0
993
0
994
0
994
0
993
0
992
0
992
0
992
0
991
0
991
0
993
0
990
0
990
0
991
0
993
0
993
0
993
0
993
0
992
0
993
0
992
0
992
0
993
0
992
0
991
0
992
0
992
0
991
0
991
0
991
0
989
0
992
0
993
0
994
0
996
0
996
0
995
0
995
0
995
0
995
0
995
0
995
0
996
0
997
0
996
0
996
0
996
0
996
0
998
0
998
0
998
0
997
0
998
0
998
0
998
0
998
0
997
0
997
0
996
0
997
0
997
0
996
0
997
0
998
0
998
0
999
0
998
0
998
0
998
0
997
0
997
0
997
0
997
0
997
0
996
0
995
0
995
0
995
0
995
0
995
