194
704
188
710
185
711
173
722
169
734
163
732
166
728
154
729
145
741
141
757
131
761
131
767
118
780
119
782
118
783
114
782
110
777
100
786
98
792
97
790
89
804
81
807
68
827
64
827
67
824
62
831
58
830
54
836
46
836
47
832
45
834
44
832
40
838
38
837
36
840
35
843
35
841
38
837
36
843
29
844
28
845
25
841
28
844
26
852
23
849
22
850
23
845
22
856
20
856
18
856
14
861
14
853
12
856
10
863
10
873
8
868
7
874
7
871
7
871
6
867
5
864
4
864
3
859
2
865
2
865
3
868
3
877
3
880
3
887
4
886
3
884
3
879
3
877
3
874
3
879
3
884
3
880
3
878
3
887
4
896
3
898
3
904
3
905
3
907
3
906
2
905
2
905
2
909
1
912
0
913
0
911
0
909
0
908
0
908
0
906
0
916
0
915
0
918
0
921
0
924
0
926
0
931
0
923
0
918
0
914
0
918
0
920
0
924
0
925
0
927
0
932
0
938
0
938
0
940
0
941
0
947
0
946
0
946
0
946
0
939
0
935
0
940
0
938
0
939
0
930
0
924
0
924
0
920
0
924
0
920
0
919
0
916
0
911
0
916
0
918
0
913
0
914
0
913
0
909
0
917
0
913
0
914
0
917
0
919
0
921
0
921
0
911
0
910
0
907
0
909
0
908
0
910
0
909
0
911
0
914
0
921
0
926
0
928
0
935
0
937
0
932
0
933
0
928
0
934
0
942
0
944
0
941
0
941
0
942
0
945
0
940
0
939
0
934
0
933
0
937
0
938
0
938
0
943
0
945
0
942
0
940
0
944
0
950
0
953
0
953
0
953
0
955
0
956
0
955
0
953
0
952
0
951
0
952
0
956
0
955
0
955
0
958
0
956
0
955
0
960
0
964
0
963
0
960
0
965
0
963
0
961
0
961
0
962
0
962
0
963
0
963
0
965
0
959
0
961
0
962
0
961
0
961
0
958
0
962
0
964
0
966
0
964
0
959
0
961
0
961
0
962
0
969
0
968
0
972
0
976
0
974
0
971
0
968
0
969
0
969
0
969
0
970
0
969
0
972
0
970
0
970
0
968
0
968
0
969
0
973
0
973
0
975
0
975
0
974
0
976
0
972
0
974
0
974
0
972
0
973
0
969
0
969
0
962
0
960
0
962
0
963
0
960
0
958
0
961
0
960
0
965
0
965
0
964
0
964
0
966
0
970
0
971
0
971
0
971
0
968
0
965
0
964
0
964
0
966
0
968
0
973
0
972
0
971
0
970
0
968
0
970
0
964
0
963
0
964
0
965
0
966
0
964
0
963
0
965
0
962
0
968
0
968
0
971
0
972
0
968
0
964
0
964
0
966
0
961
0
962
0
964
0
964
0
966
0
963
0
966
0
970
0
970
0
972
0
975
0
977
0
977
0
976
0
980
0
982
0
981
0
982
0
979
0
982
0
979
0
978
0
976
0
973
0
972
0
970
0
972
0
975
0
978
0
977
0
977
0
980
0
981
0
983
0
985
0
988
0
989
0
986
0
987
0
987
0
987
0
988
0
990
0
991
0
991
0
992
0
993
0
993
0
992
0
993
0
993
0
995
0
996
0
997
0
998
0
998
0
998
0
997
0
998
0
999
0
999
0
1000
0
1000
0
1000
0
1000
0
1000
0
1000
0
1000
0
1000
0
1000
0
1000
0
1000
0
1000
0
1000
0
1000
0
1000
0
1000
0
1000
0
1000
0
1000
0
1000
0
1000
0
1000
0
1000
0
1000
0
1000
0
1000
0
1000
0
1000
0
1000
0
1000
0
1000
0
1000
0
1000
0
1000
0
1000
0
1000
0
1000
0
1000
0
1000
0
1000
0
1000
0
1000
0
1000
0
1000
0
1000
0
1000
0
1000
0
1000
0
1000
0
1000
0
1000
0
1000
0
1000
0
1000
0
1000
0
1000
0
1000
0
1000
0
1000
0
1000
0
1000
0
1000
0
1000
0
1000
0
1000
0
1000
0
1000
0
1000
0
1000
0
1000
0
1000
0
1000
0
1000
0
1000
0
1000
0
1000
0
1000
0
1000
0
1000
0
1000
0
1000
0
1000
0
1000
0
1000
0
1000
0
1000
0
1000
0
1000
0
1000
0
1000
0
1000
0
1000
0
1000
0
1000
0
1000
0
1000
0
1000
0
1000
0
1000
0
1000
0
1000
0
1000
0
1000
0
1000
0
1000
0
1000
0
1000
0
1000
0
1000
0
1000
0
1000
0
1000
0
1000
0
1000
0
1000
0
1000
0
1000
0
1000
0
1000
0
1000
0
1000
0
1000
0
1000
0
1000
0
1000
0
1000
0
1000
0
1000
0
1000
0
1000
0
1000
0
1000
0
1000
0
1000
0
1000
0
1000
0
1000
0
1000
0
1000
0
1000
0
1000
0
1000
0
1000
0
1000
0
1000
0
1000
0
1000
0
1000
0
1000
0
1000
0
1000
0
1000
0
1000
0
1000
0
1000
0
1000
0
1000
0
1000
0
1000
0
1000
0
1000
0
1000
0
1000
0
1000
0
1000
0
1000
0
1000
0
1000
0
1000
0
1000
0
1000
0
1000
0
1000
0
1000
0
1000
0
1000
0
1000
0
1000
0
1000
0
1000
0
1000
0
1000
0
1000
0
1000
0
1000
0
1000
0
1000
0
1000
0
1000
0
1000
0
1000
0
1000
0
1000
0
1000
0
1000
0
1000
0
1000
0
1000
0
1000
0
1000
0
1000
0
1000
0
1000
0
1000
0
1000
0
1000
0
1000
0
1000
0
1000
0
1000
0
1000
0
1000
0
1000
0
1000
0
1000
0
1000
0
1000
0
1000
0
1000
0
1000
0
1000
0
1000
0
1000
0
1000
0
1000
0
1000
0
1000
0
1000
0
1000
0
1000
0
1000
0
1000
0
1000
0
1000
0
1000
0
1000
0
1000
0
1000
0
1000
0
1000
0
1000
0
1000
0
1000
0
1000
0
1000
0
1000
0
1000
0
1000
0
1000
0
1000
0
1000
0
1000
0
1000
0
1000
0
1000
0
1000
0
1000
0
1000
0
1000
0
1000
0
1000
0
1000
0
1000
0
1000
0
1000
0
1000
0
1000
0
1000
0
1000
0
1000
0
1000
0
1000
0
1000
0
1000
0
1000
0
1000
0
1000
0
1000
0
1000
0
1000
0
1000
0
1000
0
1000
0
1000
0
1000
0
1000
0
1000
0
1000
0
1000
0
1000
0
1000
0
1000
0
1000
0
1000
0
1000
0
1000
0
1000
0
1000
0
1000
0
1000
0
1000
0
1000
0
1000
0
1000
0
1000
0
1000
0
1000
0
1000
0
1000
0
1000
0
1000
0
1000
0
1000
0
1000
0
1000
0
1000
0
1000
0
1000
0
1000
0
1000
0
1000
0
1000
0
1000
0
1000
0
1000
0
1000
0
1000
0
1000
0
1000
0
1000
0
1000
0
1000
0
1000
0
1000
0
1000
0
1000
0
1000
0
1000
0
1000
0
1000
0
1000
0
1000
0
1000
0
1000
0
1000
0
1000
0
1000
0
1000
0
1000
0
1000
0
1000
0
1000
0
1000
0
1000
0
1000
0
1000
0
1000
0
1000
0
1000
0
1000
0
1000
0
1000
0
1000
0
1000
0
1000
0
1000
0
1000
0
1000
0
1000
0
1000
0
1000
0
1000
0
1000
0
1000
0
1000
0
1000
0
1000
0
1000
0
1000
0
1000
0
1000
0
1000
0
1000
0
1000
0
1000
0
1000
0
1000
0
1000
0
1000
0
1000
0
1000
0
1000
0
1000
0
1000
0
1000
0
1000
0
1000
0
1000
0
1000
0
1000
0
1000
0
1000
0
1000
0
1000
0
1000
0
1000
0
1000
0
1000
0
1000
0
1000
0
1000
0
1000
0
1000
0
1000
0
1000
0
1000
0
1000
0
1000
0
1000
0
1000
0
1000
0
1000
0
1000
0
1000
0
1000
0
1000
0
1000
0
1000
0
1000
0
1000
0
1000
0
1000
0
1000
0
1000
0
1000
0
1000
0
1000
0
1000
0
1000
0
1000
0
1000
0
1000
0
1000
0
1000
0
1000
0
1000
0
1000
0
1000
0
1000
0
1000
0
1000
0
1000
0
1000
0
1000
0
1000
0
1000
0
1000
0
1000
0
1000
0
1000
0
1000
0
1000
0
1000
0
1000
0
1000
0
1000
0
1000
0
1000
0
1000
0
1000
0
1000
0
1000
0
1000
0
1000
0
1000
0
1000
0
1000
0
1000
0
1000
0
1000
0
1000
0
1000
0
1000
0
1000
0
1000
0
1000
0
1000
0
1000
0
1000
0
1000
0
1000
0
1000
0
1000
0
1000
0
1000
0
1000
0
1000
0
1000
0
1000
0
1000
0
1000
0
1000
0
1000
0
1000
0
1000
0
1000
0
1000
0
1000
0
1000
0
1000
0
1000
0
1000
0
1000
0
1000
0
1000
0
1000
0
1000
0
1000
0
1000
0
1000
0
1000
0
1000
0
1000
0
1000
0
1000
0
1000
0
1000
0
1000
0
1000
0
1000
0
1000
0
1000
0
1000
0
1000
0
1000
0
1000
0
1000
0
1000
0
1000
0
1000
0
1000
0
1000
0
1000
0
1000
0
1000
0
1000
0
1000
0
1000
0
1000
0
1000
0
1000
0
1000
0
1000
0
1000
0
1000
0
1000
0
1000
0
1000
0
1000
0
1000
0
1000
0
1000
0
1000
0
1000
0
1000
0
1000
0
1000
0
1000
0
1000
0
1000
0
1000
0
1000
0
1000
0
1000
0
1000
0
1000
0
1000
0
1000
0
1000
0
1000
0
1000
0
1000
0
1000
0
1000
0
1000
0
1000
0
1000
0
1000
0
1000
0
1000
0
1000
0
1000
0
1000
0
1000
0
1000
0
1000
0
1000
0
1000
0
1000
0
1000
0
1000
0
1000
0
1000
0
1000
0
1000
0
1000
0
1000
0
1000
0
1000
0
1000
0
1000
0
1000
0
1000
0
1000
0
1000
0
1000
0
1000
0
1000
0
1000
0
1000
0
1000
0
1000
0
1000
0
1000
0
1000
0
1000
0
1000
0
1000
0
1000
0
1000
0
1000
0
1000
0
1000
0
1000
0
1000
0
1000
