3.0695
2.6725
2.782
2.448
2.8435
2.966
2.72
2.6175
2.3055
2.362
2.5475
2.231
2.375
2.224
2.585
2.452
2.4625
2.457
2.4195
2.562
2.6865
2.6645
3.016
2.4385
2.8405
2.493
2.1755
2.2085
1.9865
2.1935
2.263
2.0955
2.066
1.9785
1.619
1.5855
1.988
1.559
1.6885
1.6615
1.8035
1.863
1.715
1.821
1.764
1.559
1.6045
1.495
1.671
1.9605
1.623
1.88
1.5515
1.695
1.6295
1.859
2.183
2.1665
1.8775
2.356
2.778
2.545
2.4155
2.396
2.4155
2.1885
1.9715
1.98
2.306
2.294
2.3035
2.18
2.019
2.0405
2.1805
2.414
2.8765
2.537
2.7285
2.7185
2.3835
2.302
2.1805
2.6055
2.046
2.2845
2.235
2.4375
2.7845
2.1205
2.6315
2.9275
2.2265
2.3495
2.2745
2.1565
2.1185
2.2545
2.3305
2.0885
2.3155
2.338
2.2555
2.05
2.535
2.4535
2.477
2.764
2.6915
2.65
2.387
2.473
2.2395
1.876
2.547
2.3235
2.373
2.2645
2.1295
2.194
2.3155
2.708
2.561
2.3235
1.9425
1.866
1.655
1.517
1.483
1.762
1.699
1.6295
1.5115
1.8275
2.27
2.1525
1.585
1.9855
1.722
1.793
1.955
2.44
2.432
2.389
2.451
2.365
2.552
2.312
2.2535
2.312
2.7375
2.51
2.648
2.4905
2.426
2.857
2.7535
2.513
2.5315
3.011
3.031
2.993
3.219
3.557
3.5035
3.496
3.571
3.8755
3.6675
3.3965
3.4055
3.6495
3.766
3.158
3.3835
3.3825
3.9265
3.337
3.319
3.4095
3.556
3.6435
3.6025
3.813
3.7395
3.2165
3.6525
3.8365
3.7825
3.7125
3.2235
3.6605
3.4545
3.5095
3.6725
3.694
3.348
3.267
3.4
3.363
3.1155
3.12
3.3595
3.7155
3.239
3.295
3.2085
3.369
3.6725
3.784
3.4905
3.711
3.43
3.5255
3.087
3.4445
3.5595
3.307
3.4275
3.302
3.001
3.048
2.6495
2.8165
2.776
3.014
2.9615
2.912
2.8265
2.765
2.373
2.758
3.0285
2.7845
2.132
2.4025
2.6465
2.779
2.136
2.344
2.3375
2.072
2.629
2.525
2.422
2.421
2.1855
3.0945
2.835
2.466
2.624
2.516
2.2165
2.673
2.579
2.161
2.14
2.438
2.3355
2.6
2.02
2.053
2.174
1.781
2.258
2.3335
1.987
2.316
2.497
1.958
2.042
2.246
2.854
2.576
2.772
2.542
2.358
2.002
2.445
2.284
2.265
2.358
2.021
2.479
2.2845
2.308
2.327
2.2025
2.743
2.357
2.4165
2.405
2.47
2.285
2.319
2.765
2.6
2.3795
2.256
2.4415
2.575
2.298
2.203
2.491
2.695
2.299
2.181
2.9295
2.675
2.256
2.038
2.206
2.786
2.897
2.096
2.26
2.345
2.275
2.312
2.17
2.044
1.665
1.94
2.214
2.072
2.187
2.284
2.09
2.334
2.251
1.746
1.987
2.142
2.338
2.269
2.314
2.519
2.547
2.927
2.639
2.473
2.589
2.759
2.649
2.051
2.5175
2.445
2.664
2.64
2.003
2.0685
2.2
2.307
2.385
2.387
1.995
2.275
2.31
2.237
2.0015
2.615
2.387
2.414
2.404
2.4185
2.501
1.996
2.595
1.741
2.3405
2.633
2.197
2.524
2.769
2.764
2.961
3.0875
2.52
2.612
2.159
2.754
3.006
2.486
2.711
2.507
2.317
2.655
2.695
2.455
2.572
2.43
2.43
2.47
2.482
2.579
2.479
2.515
2.192
2.11
2.22
1.789
2.097
2.052
1.847
1.942
1.779
1.865
1.5915
1.877
2.315
2.019
2.245
1.954
1.8655
1.8395
1.894
1.574
1.767
1.6725
1.3675
1.476
1.984
1.7895
1.9125
2.187
2.3305
2.199
2.0
2.557
2.402
2.241
2.3305
2.647
2.208
2.692
2.947
2.369
2.516
2.375
2.308
2.058
2.56
2.465
2.174
2.112
2.424
1.816
2.535
2.791
2.772
2.436
2.116
1.968
1.725
2.284
1.902
1.968
2.079
2.369
2.15
2.413
1.929
2.058
2.491
2.362
2.063
2.08
1.924
2.355
2.147
2.112
2.382
2.316
2.377
2.169
2.536
2.73
2.636
2.432
2.694
2.63
2.724
2.706
2.893
2.748
2.646
3.007
3.072
3.22
2.856
2.991
3.113
2.615
3.167
3.136
3.056
3.293
2.921
2.9
2.958
2.985
3.219
3.287
2.94
3.53
2.924
2.674
3.249
2.854
2.572
3.236
3.0925
2.518
3.4915
3.272
3.1325
2.902
3.1415
3.176
2.641
2.569
2.552
2.002
2.36
2.012
2.294
2.022
2.179
2.362
2.054
1.729
1.661
2.258
2.282
2.009
1.878
1.968
2.058
2.034
2.068
2.312
1.838
1.786
2.528
2.204
2.564
2.448
2.858
2.324
2.65
2.6035
2.516
2.512
2.836
2.733
2.712
2.622
2.381
2.776
2.13
2.261
2.486
2.348
2.042
1.848
2.124
2.594
2.23
2.364
2.546
2.553
2.408
2.1715
2.9365
2.4415
2.3235
2.2565
2.5805
2.4475
2.4335
2.6425
2.7605
2.8765
2.698
2.8855
2.7725
3.036
3.0805
2.8235
2.663
2.5785
2.978
3.1245
2.8435
2.6105
2.6255
2.518
2.7195
2.8295
2.444
2.421
2.994
2.7925
2.7855
2.7355
2.9115
3.276
2.911
2.8285
2.9605
3.2985
2.7635
2.7865
2.741
2.9115
2.707
2.825
2.712
2.704
2.7375
2.6165
2.6665
2.4525
2.74
2.5665
2.81
2.6415
2.7085
2.446
2.7495
2.397
2.3135
2.3545
2.247
2.263
2.194
2.387
2.684
2.4435
2.519
2.688
2.4775
2.334
2.4115
2.334
1.8965
1.949
1.9605
1.9705
1.882
1.9655
2.095
1.726
1.828
1.878
1.862
2.024
1.945
2.045
1.9
2.0205
1.9655
1.986
2.0675
2.2865
2.226
2.16
2.043
2.13
2.1925
2.1895
2.063
2.4445
2.215
2.3425
2.7435
2.6275
2.4315
2.462
2.557
2.2355
2.7765
2.5105
2.3945
2.506
2.8535
2.47
2.429
2.468
2.6465
2.407
2.661
2.647
2.3655
2.0725
2.0635
2.054
2.1785
2.2255
2.331
2.2865
2.3985
2.8665
2.8935
2.885
2.987
2.8245
2.765
2.7945
2.758
2.2315
2.854
2.9215
2.663
2.542
2.762
2.8415
2.7995
2.73
2.6135
2.2225
2.499
2.9225
2.4455
2.2405
2.24
2.3725
2.3025
2.1035
2.3025
2.076
2.105
2.1725
2.254
2.268
2.4895
2.2625
2.42
2.4225
1.828
2.1785
2.1545
2.1775
2.099
2.073
1.9975
2.2505
1.96
2.1915
1.8875
2.0025
2.116
2.094
2.306
2.3095
2.3945
2.411
2.53
2.642
2.663
2.6195
2.2115
2.1805
2.6135
2.5155
2.399
2.3925
2.3515
2.082
2.504
2.298
2.4605
2.3635
2.286
2.3975
2.194
2.1895
2.0965
2.393
2.3555
2.181
2.2705
2.374
2.404
2.308
2.5285
2.0915
2.1085
2.5575
2.1865
2.418
2.4515
2.4895
2.755
2.159
1.947
2.232
2.389
2.566
2.2825
2.2765
2.179
2.3625
2.429
2.8975
2.469
2.864
2.696
2.3245
2.7535
2.599
2.1365
1.866
2.129
2.2585
2.1335
1.9945
2.0965
2.23
2.32
2.261
2.345
2.1465
2.3765
2.144
2.2095
2.1955
2.2495
2.39
2.058
1.96
1.9755
1.8915
2.3335
2.275
2.468
2.266
2.3025
2.413
2.2445
2.157
2.4845
2.0565
2.4695
2.027
2.4145
2.455
2.305
2.435
2.118
2.5555
2.4325
2.4485
2.739
2.436
2.3645
2.257
2.3795
2.5955
2.3425
2.4915
2.318
2.102
2.024
2.134
2.217
2.006
2.011
2.0445
2.274
2.094
2.01
1.9935
2.0125
1.576
1.6645
1.638
1.8175
1.496
1.437
1.537
1.45
1.535
1.635
1.5075
1.599
1.5145
1.854
1.6175
1.4035
1.877
1.7925
2.002
1.6615
2.0765
2.1715
2.3255
2.216
2.0795
2.0855
2.109
2.0265
2.128
2.249
2.3365
2.1455
1.8285
2.137
1.8185
1.615
1.586
1.814
1.8075
1.6275
1.583
1.578
1.579
1.667
1.597
1.5275
1.3545
1.623
1.662
1.777
1.547
1.7775
1.5055
1.7895
1.757
1.6945
1.847
1.7035
1.779
1.8135
1.598
1.483
1.373
1.3925
1.4335
1.4555
1.412
1.6
1.4645
1.5475
1.4505
1.673
1.85
1.5935
1.746
1.853
2.0325
2.2415
2.2615
2.2725
2.0085
2.3615
2.14
1.8935
2.02
2.064
2.2785
1.828
1.7605
2.1685
2.1955
2.065
1.952
1.9755
1.932
1.891
2.3165
1.8825
2.383
2.105
2.4215
2.068
2.313
2.023
2.132
2.485
2.5175
1.891
2.215
2.285
2.374
1.987
1.936
2.354
2.074
1.92
2.121
2.396
2.293
2.061
2.692
2.441
2.498
2.527
2.382
2.375
2.099
2.1155
1.806
1.778
2.067
2.132
2.269
1.92
1.975
2.1655
1.704
2.557
2.209
2.334
2.547
2.457
2.515
1.947
2.672
2.1105
2.443
2.13
2.088
2.268
2.082
2.075
2.0
1.698
2.2345
1.998
1.906
1.796
1.796
1.674
1.994
2.151
2.085
2.031
1.947
1.846
1.662
1.675
1.38
1.637
1.446
1.6015
1.518
1.439
1.6445
1.764
1.91
1.684
1.951
1.9215
1.9485
2.36
1.807
2.1245
2.4315
2.168
1.974
2.325
1.88
1.748
1.998
2.358
2.15
2.285
2.397
2.388
2.069
2.405
2.67
1.995
2.467
2.42
2.104
2.2895
1.834
1.949
2.302
2.198
1.825
1.774
1.87
1.927
1.855
2.209
1.951
2.013
1.791
1.742
2.241
2.172
1.992
1.402
1.604
1.716
1.634
1.587
1.454
1.454
1.762
1.488
1.63
1.417
1.374
1.734
1.5475
1.91
1.5005
1.501
1.677
1.724
1.6235
1.81
1.3145
1.681
2.1305
2.137
2.051
1.562
1.412
1.7275
1.548
1.7685
1.942
2.179
1.956
1.8735
1.795
1.723
1.811
1.456
1.413
1.811
1.894
2.081
1.765
1.714
1.725
1.624
1.7435
1.362
1.6065
1.588
1.635
1.542
1.495
1.937
1.3515
2.0245
1.691
1.723
1.9365
1.6535
1.6065
1.4025
1.5285
1.378
1.361
1.12
1.472
1.914
1.7715
1.804
1.6875
2.143
1.901
1.6645
1.647
1.918
2.0035
2.0935
1.6105
1.6925
2.062
1.846
2.0485
1.563
2.3485
1.913
1.837
1.736
1.934
1.9545
1.9655
2.0785
1.8415
1.6635
2.202
2.2885
2.3215
2.1375
2.7665
2.212
1.7495
2.4205
1.786
2.1675
2.276
2.463
2.5615
2.668
2.659
2.817
2.376
2.865
2.999
2.292
1.97
2.639
2.933
3.0525
2.4465
2.773
2.586
2.281
2.275
2.328
2.108
2.236
2.438
2.461
1.95
2.296
2.207
2.576
2.293
2.476
2.714
2.345
2.501
2.145
1.925
2.425
2.162
2.381
2.318
2.169
2.499
1.955
1.928
2.51
2.55
2.061
2.177
1.777
1.947
1.797
1.611
1.857
1.577
1.644
1.64
1.254
1.374
1.777
1.567
1.331
1.524
1.734
1.884
1.904
1.771
1.857
1.458
1.7775
2.17
1.947
1.6735
1.524
1.6375
2.09
1.6475
1.674
1.71
1.6305
1.5505
1.4245
1.8285
1.9015
1.5665
1.867
1.832
1.8605
1.626
1.906
2.001
2.054
2.086
1.96
2.1265
2.018
2.0645
1.866
2.219
2.082
1.6695
1.7885
2.296
2.095
1.451
2.155
1.6145
1.5885
1.364
1.7335
1.6935
1.492
1.7885
1.7785
1.8585
1.7735
1.724
1.8035
1.6205
1.4525
1.357
1.314
1.444
1.131
1.53
1.44
1.217
1.6565
1.58
1.4765
1.2705
1.804
1.3545
1.894
1.5945
1.717
1.534
1.6805
1.5495
1.8175
1.9505
1.722
1.595
2.034
1.947
1.594
1.6325
1.601
1.508
1.638
1.431
1.544
1.774
1.334
1.457
1.587
1.56
1.604
1.9025
1.964
1.423
1.552
1.449
1.549
1.561
2.157
1.939
2.054
1.245
1.5905
2.14
1.763
1.93
2.291
2.143
1.981
2.0425
2.148
2.0475
1.733
1.9285
1.6875
2.187
1.924
1.631
1.674
1.8945
1.947
1.776
1.8405
1.665
1.444
1.58
1.74
1.61
1.765
1.75
1.364
1.4835
1.9865
1.877
2.007
1.671
1.957
2.096
1.82
2.123
2.24
2.127
2.187
2.111
2.324
2.204
2.064
1.781
2.124
2.071
1.876
1.818
2.008
2.008
2.417
1.804
1.744
1.661
1.521
2.247
2.157
1.415
1.579
1.787
1.719
1.633
1.47
2.499
2.379
2.362
2.0965
2.5095
2.1195
2.188
2.231
2.077
1.865
1.969
1.818
1.7025
1.9605
1.826
2.1665
2.0775
1.6445
1.9795
2.0575
2.287
2.241
2.2105
2.5945
2.063
2.2625
2.255
2.3065
2.444
2.247
2.304
1.6675
1.9865
2.3705
2.227
2.4365
2.627
2.2605
2.1055
2.1655
2.021
2.0755
1.9435
1.7055
1.99
2.1985
2.22
2.1935
2.131
2.247
1.8635
2.186
2.632
2.2755
2.2085
2.175
2.1955
2.3275
2.39
2.009
1.942
1.7615
2.1335
1.8485
1.388
2.02
1.627
1.3265
1.2215
1.6
1.44
1.3985
1.483
1.5305
1.7915
1.4065
1.448
1.7055
2.1465
1.7185
1.793
1.8365
1.71
1.572
1.553
2.025
1.3935
1.433
1.2095
1.133
1.455
1.2265
1.317
1.3115
1.45
1.4015
1.408
1.287
1.34
1.2035
1.6
1.2855
1.069
1.327
1.588
1.4085
1.145
1.155
1.597
1.7785
1.451
1.6985
1.4415
1.8175
1.8
2.1215
2.327
1.912
1.8395
1.936
2.12
2.082
1.822
2.185
2.365
2.2435
2.342
1.8715
1.833
1.7215
2.227
2.01
1.9265
1.6015
1.678
2.021
2.2015
2.156
2.0295
1.777
2.1675
2.163
1.7095
2.2115
2.02
1.5525
2.1335
2.313
1.973
2.0075
2.056
2.021
2.1425
2.1365
1.8825
2.073
1.839
1.994
2.336
1.872
2.186
2.1175
1.8445
2.0335
2.2745
1.778
2.116
2.295
2.02
2.0545
2.313
2.0715
2.2765
1.8515
1.8865
1.3845
1.706
1.9665
1.838
1.7845
1.7215
1.7215
1.6515
1.4465
1.6465
1.7
2.06
1.87
2.06
1.75
2.005
2.075
1.9715
1.835
2.15
2.28
2.085
1.9815
1.8415
1.735
1.565
1.72
1.77
1.4385
1.61
1.815
1.66
1.865
2.12
2.205
2.085
2.325
2.205
2.255
2.155
1.85
2.09
1.6935
2.154
2.02
2.055
1.93
1.945
1.6585
2.22
2.055
2.005
1.915
2.09
2.065
2.155
2.205
2.285
1.91
2.185
2.68
2.305
2.56
2.44
2.325
2.205
2.53
2.565
2.82
2.49
2.38
2.445
2.104
2.305
2.255
2.565
2.65
2.325
2.41
2.085
2.02
1.97
1.94
1.615
2.025
1.99
1.785
2.245
2.105
2.055
1.85
1.885
1.73
1.61
1.72
2.06
1.745
2.395
2.12
1.605
1.93
2.255
2.325
2.325
1.88
2.17
2.14
1.935
1.8
1.8
1.72
1.805
1.815
1.745
2.095
2.175
1.39
1.56
1.525
1.7535
1.9085
1.985
2.14
1.935
1.73
1.95
1.985
1.97
1.695
1.97
1.54
1.985
2.055
1.92
1.39
1.645
2.175
2.02
1.5615
1.455
1.73
2.31
1.9365
1.6965
1.865
2.72
2.105
2.02
2.005
1.63
1.46
1.255
1.715
1.5135
1.585
1.345
1.84
1.831
1.72
1.92
1.475
1.715
1.73
1.815
1.865
1.805
1.575
1.925
1.755
1.685
2.13
1.84
1.9
1.805
1.825
2.15
1.965
1.625
1.53
1.64
1.77
1.805
1.875
2.215
2.24
1.855
1.77
1.93
2.11
2.15
2.258
2.455
1.865
2.725
2.825
2.308
2.168
2.327
2.075
2.145
2.587
1.967
1.9355
2.535
2.05
2.221
2.25
2.135
1.9065
1.925
1.88
2.23
1.875
1.795
1.925
1.5
2.107
1.915
1.6275
1.6485
1.325
1.525
1.625
1.5965
1.6815
1.1865
1.76
1.83
1.455
1.2535
1.37
1.62
1.695
1.73
1.935
1.485
1.59
1.525
1.795
1.39
1.71
1.46
1.445
1.64
1.7175
1.735
1.76
1.865
1.895
1.71
1.965
1.86
1.925
2.4
2.42
2.3
2.43
2.2
2.53
2.165
2.305
2.53
2.275
1.895
2.06
2.315
1.992
2.36
1.81
2.075
2.177
2.015
2.265
1.975
2.02
2.35
1.875
2.455
2.1
2.0
2.065
1.945
1.992
2.135
2.15
2.49
2.455
2.35
2.525
2.485
2.64
3.205
2.58
2.6
2.75
3.185
2.7395
3.095
2.925
2.9795
3.2845
2.8495
3.3845
3.2795
3.199
3.4445
3.0495
3.005
3.485
3.1145
3.1995
2.94
3.0645
2.924
3.267
3.3965
3.3695
3.184
3.035
2.875
3.0145
2.9395
2.78
2.8645
2.6045
2.43
2.3545
3.06
2.9895
2.53
2.75
2.44
2.5845
2.815
2.4295
2.7
2.68
3.22
2.945
2.853
3.09
2.845
2.395
2.43
2.6915
2.964
2.745
2.398
3.035
2.803
3.084
3.105
3.091
2.951
3.338
3.245
3.011
3.057
3.056
2.948
2.868
3.184
3.205
3.07
3.146
3.04
3.115
3.035
3.16
3.1
3.145
3.215
3.2615
3.48
3.01
3.305
3.735
3.53
3.32
3.435
2.975
3.175
3.575
3.65
3.335
3.615
3.33
3.755
4.01
3.725
4.045
3.98
3.91
4.175
4.26
4.015
4.22
4.095
4.275
3.915
3.61
3.755
3.805
3.955
3.76
3.735
3.74
3.825
3.54
3.685
3.54
3.67
2.99
3.075
3.265
3.175
3.065
3.06
3.265
3.25
3.18
2.95
2.865
3.095
3.38
3.185
3.605
3.55
2.985
3.08
3.58
3.685
3.87
3.9385
4.195
3.99
3.8795
3.9
3.85
3.8595
3.6995
3.825
3.97
4.0645
4.215
3.8395
3.735
3.6795
3.836
3.731
3.785
4.0485
4.165
4.305
4.0135
4.11
3.96
3.765
3.675
3.74
3.755
3.98
4.062
4.085
4.09
4.0985
4.045
4.12
4.305
4.45
4.335
4.2
4.285
4.295
4.32
4.195
4.135
4.115
3.895
4.01
4.055
4.19
3.97
3.835
3.9045
3.935
3.9645
3.75
3.62
3.825
3.605
3.745
3.35
3.4
3.31
3.795
3.64
3.675
3.775
3.725
3.775
4.055
3.615
3.77
3.9
3.945
4.05
4.16
4.225
4.075
3.995
3.765
3.785
3.815
3.975
3.975
3.585
3.88
3.83
3.86
4.11
3.9
3.935
3.935
4.125
3.53
3.6365
3.5215
3.2415
3.725
3.7365
3.64
3.825
3.72
3.62
3.8
3.985
3.68
3.59
3.41
3.265
3.21
3.247
3.065
3.19
3.25
3.315
3.15
3.46
3.51
3.36
2.9785
3.165
2.975
3.055
3.185
3.0
2.9
2.97
2.775
2.635
2.6
2.86
2.6765
2.835
3.02
2.7735
3.06
2.655
2.625
2.64
2.28
2.445
2.42
2.26
2.125
2.455
2.355
2.285
2.385
2.16
2.215
2.36
2.215
2.32
2.47
2.345
2.61
2.955
2.68
2.445
2.685
2.875
3.06
2.895
2.565
2.68
2.525
2.9
2.545
2.71
2.771
2.69
2.815
2.565
2.765
2.82
2.94
3.04
3.065
2.865
2.845
2.76
2.78
2.62
3.095
3.075
2.965
3.025
3.17
3.55
3.44
3.145
3.155
3.34
3.41
3.18
3.595
3.59
3.6495
3.675
3.915
3.99
4.0485
4.0085
3.94
4.0295
3.9195
4.15
3.9945
4.115
3.78
4.1245
3.9645
3.99
4.2995
4.1545
4.1245
4.03
4.1845
3.995
3.8835
3.635
3.72
3.63
3.885
4.09
3.775
3.935
3.79
3.4915
3.7365
3.6765
3.65
3.75
3.675
3.84
3.525
3.91
3.69
3.645
3.735
3.6285
3.7685
3.9
4.145
3.675
3.6
4.05
4.1725
4.05
3.68
3.5865
3.698
3.3365
3.6815
3.6615
3.908
3.8485
3.7465
3.5465
3.845
3.36
3.605
3.72
3.715
3.63
3.61
3.51
3.16
3.225
2.835
3.0
2.485
2.995
2.89
2.81
2.89
2.905
3.1075
2.9225
2.99
2.985
3.275
3.05
3.1825
3.04
3.295
2.795
2.931
2.878
2.82
2.7945
3.096
2.4735
2.615
2.531
3.285
2.81
2.52
2.9195
2.745
2.64
2.62
2.905
2.785
2.233
2.5355
2.7075
2.718
2.753
2.9275
2.91
2.9025
3.285
2.9675
2.705
2.965
3.31
2.905
2.74
2.79
2.615
2.605
2.58
2.535
2.4735
2.295
2.07
2.155
2.09
1.975
2.145
2.35
2.565
2.37
2.635
2.33
2.66
2.455
2.72
3.065
3.1
3.04
3.25
3.12
2.995
3.085
3.565
3.69
3.41
3.505
3.465
3.475
3.455
3.54
3.465
3.43
3.375
3.25
3.48
3.5135
3.575
3.45
3.44
3.565
3.4135
3.2
3.2
3.2385
3.2735
3.02
3.2635
3.265
2.94
3.375
3.17
3.34
3.39
3.31
3.525
3.115
2.89
2.95
2.735
2.8
2.685
2.495
2.345
2.955
2.905
2.905
3.0365
3.25
3.11
3.325
3.0085
2.985
3.019
2.965
2.979
2.979
2.976
2.805
3.105
3.27
3.29
3.24
3.04
3.29
3.29
3.025
3.52
3.395
3.35
3.505
3.185
3.32
3.33
3.24
3.39
2.981
3.145
2.65
3.196
3.098
3.1985
3.2235
3.1115
3.57
3.308
3.444
3.2245
3.24
3.155
3.33
3.375
3.4735
3.4985
3.2855
3.0385
3.4605
3.342
3.4155
3.0135
3.1695
3.312
3.3845
3.4255
3.2165
3.3275
3.761
3.4845
3.2145
3.175
3.29
3.415
3.48
3.855
3.645
3.68
3.435
3.17
3.165
3.165
3.435
3.127
3.115
3.234
2.6235
2.6405
2.9485
2.757
2.7535
2.721
2.7245
2.736
2.8725
2.9575
3.134
3.268
3.1045
3.1575
3.185
3.0845
2.9185
2.9475
3.1805
3.179
3.3885
3.2135
2.9805
3.344
3.167
3.282
3.3025
3.292
3.7305
3.779
3.517
3.6085
3.5185
3.579
3.42
3.882
3.41
3.457
3.492
3.1335
3.1885
3.2875
3.322
3.3205
3.2955
3.219
3.6135
3.7385
3.705
3.282
3.4485
3.447
3.7835
3.52
3.5
3.2335
3.3635
3.5085
3.2535
3.3035
3.307
3.35
3.417
3.5635
3.3405
3.4025
3.436
3.5155
3.5775
3.572
3.5985
3.3995
3.3935
3.346
3.2045
3.286
3.4205
3.537
3.604
3.1425
3.46
3.1085
3.2775
2.942
3.0745
3.2335
2.9765
3.1
3.1315
3.5095
3.5385
3.1425
3.432
3.1365
3.182
3.489
3.61
3.444
3.5385
3.9785
3.7585
3.6135
3.28
3.39
3.465
3.56
3.17
3.365
3.235
3.2
3.225
3.31
3.08
3.27
3.46
3.225
3.28
3.855
3.6435
3.4285
3.655
3.32
3.305
3.325
3.1785
3.6
3.4585
3.2835
3.15
3.15
3.23
3.015
2.88
3.015
2.905
2.84
2.75
3.12
2.895
3.12
3.335
3.29
3.335
3.59
3.42
3.43
3.4315
3.8015
3.845
3.77
3.645
3.7215
3.765
3.825
3.615
3.445
3.54
3.54
3.605
3.315
3.82
3.615
3.385
3.36
3.495
3.44
3.425
3.47
3.365
3.435
3.54
3.225
3.36
3.785
3.755
3.46
3.615
3.5975
3.725
3.7235
3.7235
3.5465
3.8835
3.825
3.591
3.488
3.7815
3.2735
3.4385
3.29
3.275
3.0615
3.29
3.085
3.015
3.0685
2.9985
3.03
3.2985
3.525
3.5265
3.4435
3.4385
3.5685
3.1255
3.384
3.457
3.6155
3.7255
3.6535
3.195
3.599
3.4125
3.635
3.747
3.1985
3.1985
3.557
3.612
3.594
3.5685
3.315
3.1985
3.3785
3.715
3.655
3.5735
3.725
3.655
3.52
3.52
3.755
3.69
3.78
4.01
4.25
3.79
3.91
4.04
4.05
4.15
3.755
4.12
3.84
3.6185
3.98
3.8785
3.785
3.63
4.14
3.955
3.6965
3.5165
3.795
3.54
3.46
3.765
3.46
3.71
3.475
3.305
3.405
3.425
3.505
3.395
3.13
3.37
3.4
3.34
3.375
3.14
3.025
3.32
3.46
3.66
3.57
3.625
3.33
3.695
3.86
3.96
3.985
4.115
4.105
3.98
4.065
3.915
4.06
4.235
4.17
4.115
3.985
3.89
4.06
3.78
3.675
3.79
3.87
3.9
3.74
3.94
3.81
4.045
3.53
3.71
3.63
4.04
3.82
3.795
3.96
3.735
3.685
3.95
3.97
4.16
4.145
3.78
3.795
3.765
3.765
3.955
3.6935
4.07
3.8585
4.0085
4.0435
3.785
4.1585
4.0735
4.3405
4.227
3.8675
4.0535
3.9035
3.955
4.2485
3.9885
4.1835
3.945
4.247
4.3235
4.14
4.015
4.08
3.88
4.2585
3.9735
3.865
4.06
3.74
3.9165
3.63
3.555
3.9275
3.6885
3.7465
3.585
3.562
3.5765
3.6045
3.7565
3.8915
3.748
3.733
3.6785
3.5
3.525
3.6805
3.7705
3.2785
3.615
3.665
3.645
3.2385
3.1785
3.4435
3.35
3.58
3.405
3.305
3.735
3.195
3.17
3.34
3.285
3.41
3.425
3.3315
3.2415
3.555
3.6315
3.648
4.078
3.833
3.863
3.588
3.955
3.638
3.798
3.973
3.6645
3.785
3.6975
3.8745
3.383
3.7895
3.8145
3.995
3.6025
3.873
3.9915
3.798
3.6795
3.668
3.7195
3.5565
3.8495
3.753
3.7115
3.508
3.5565
3.608
3.3715
3.285
3.6315
3.4115
3.722
3.663
3.2795
3.7495
3.4
3.5815
3.386
3.401
3.403
3.405
3.462
3.1115
3.0845
2.9895
2.913
2.983
2.4815
2.9295
2.9475
2.7195
2.9735
2.823
2.7445
2.984
3.168
2.996
3.222
3.1515
2.887
3.156
3.236
3.329
3.0475
2.779
2.623
2.599
2.9595
2.768
2.3965
2.395
2.235
2.0715
2.1295
2.1545
2.173
2.5165
2.5445
2.5565
2.495
2.798
2.778
2.688
2.746
2.5
2.2865
2.481
2.5365
2.7
2.428
2.421
2.448
2.4215
2.4245
2.3215
2.3265
2.681
2.8815
2.6835
2.408
2.8965
2.518
2.591
3.005
2.868
2.6195
2.698
2.95
2.74
2.8
2.46
2.446
2.7145
2.5045
2.525
2.325
2.61
2.7995
2.635
2.62
2.4085
2.7445
2.695
2.7495
2.701
2.615
2.4795
2.3915
2.3495
2.6295
2.5785
2.6565
2.8065
2.885
2.79
2.9835
2.7645
2.365
2.255
2.315
2.54
2.215
2.8
2.585
2.935
2.93
3.1165
2.7165
2.77
2.597
2.43
2.185
2.565
2.55
2.38
2.3255
2.3135
2.535
2.3655
2.34
2.555
2.655
2.2355
2.43
2.3605
2.495
2.69
2.76
2.645
2.69
3.235
3.07
3.21
2.915
3.235
3.3
3.07
2.99
3.23
3.32
3.145
3.155
3.46
3.86
3.675
3.485
3.825
3.34
3.535
3.375
3.38
3.03
3.255
3.22
3.5
3.2
3.2
3.08
3.25
3.27
3.2685
3.5185
3.2635
3.4385
3.43
3.4235
3.085
3.5435
3.1135
3.2145
2.912
3.285
3.277
3.5895
3.583
3.8655
3.8735
3.5365
3.6535
3.1535
3.314
3.1475
3.2165
3.5765
3.5465
3.465
4.0385
4.008
3.93
3.7965
3.564
3.4585
3.1635
3.6065
3.5355
3.6855
3.264
3.627
3.155
3.2385
3.02
3.4485
3.19
2.8955
3.4205
2.847
3.3535
2.8975
2.914
2.8005
2.2885
2.684
2.47
2.869
2.586
2.986
2.685
3.061
2.4795
3.0885
3.131
2.6205
3.0425
3.314
2.919
3.131
2.8845
2.8435
3.576
3.0645
3.045
2.999
3.6775
2.849
2.8345
3.154
2.8005
2.914
2.629
2.7765
3.073
2.601
3.313
2.9925
2.674
2.711
2.6175
2.5345
2.558
2.461
2.8605
2.7905
2.3745
2.7275
2.419
2.204
2.422
2.198
2.2675
2.117
2.233
2.286
2.4985
2.3405
2.369
2.988
2.432
2.592
3.217
3.861
3.2555
3.2625
3.276
3.135
3.127
3.2655
2.6275
2.849
2.752
2.4675
2.4105
2.471
2.627
2.7195
3.0325
2.984
2.9275
2.686
2.9005
2.9275
2.8305
2.6275
3.307
3.0865
3.0945
2.776
3.072
2.957
2.9905
2.9305
2.921
3.1375
3.224
3.069
2.8075
2.8315
2.6705
2.7625
2.957
2.3025
2.7225
2.3925
2.644
2.513
2.817
2.5205
3.1555
3.182
3.062
3.012
3.1735
2.717
2.9585
2.962
2.9035
2.7485
3.2635
3.0705
3.192
2.887
3.664
3.384
3.5225
3.546
4.0835
3.948
3.7625
3.9125
3.82
3.713
3.8625
3.5495
3.8055
3.7475
3.5395
3.811
3.9675
3.833
3.9925
3.849
3.8975
3.801
3.558
3.8125
3.8505
3.804
4.014
3.818
3.6475
3.6725
3.7115
3.6195
3.5825
3.123
3.739
3.4825
3.4195
3.273
3.4345
3.469
3.834
3.4955
3.2435
3.236
3.0935
2.8755
2.818
3.067
3.221
3.098
3.1995
3.301
3.095
2.718
2.9545
2.895
3.006
2.992
3.3385
2.81
2.8945
2.663
2.8835
3.0435
3.42
3.197
3.2985
3.2635
3.3035
3.3395
3.661
3.192
3.0055
3.159
3.264
2.924
2.949
2.8175
3.1885
2.7955
2.77
2.467
2.537
2.0385
2.824
2.6735
2.439
2.671
2.5645
2.641
2.5985
2.582
2.735
2.452
2.397
2.465
2.826
2.802
2.946
2.917
2.972
2.905
2.951
2.831
3.26
3.008
3.099
3.113
3.2935
3.222
2.638
3.111
3.115
3.501
3.5295
3.745
3.3545
3.321
3.493
3.21
3.432
3.501
2.981
3.253
3.135
3.094
3.257
3.7
3.1765
3.295
3.27
3.437
3.225
3.077
3.291
4.144
3.4375
3.585
3.493
3.164
3.419
3.537
3.261
3.419
3.432
3.519
3.657
3.753
3.492
3.405
3.891
3.421
3.388
3.265
3.28
2.891
2.993
3.193
2.839
3.145
3.034
3.291
3.673
3.625
3.335
3.592
3.573
3.5075
3.5635
3.6505
3.479
3.559
3.5155
3.551
3.506
3.023
2.858
3.232
3.406
2.978
3.101
3.253
3.6185
3.403
3.238
3.3305
3.625
3.298
3.0945
3.073
3.03
3.075
3.021
2.727
2.711
2.5405
2.635
2.824
2.935
3.163
2.794
3.112
3.006
3.193
3.073
3.038
3.149
3.365
3.054
3.106
3.259
3.191
3.128
3.185
2.7775
3.578
3.165
3.0545
3.253
3.35
3.18
3.1435
3.3335
3.326
3.1555
3.421
3.1365
3.117
2.732
3.2
2.9335
3.076
3.052
3.0675
3.086
3.1275
2.94
2.9335
2.596
2.4975
2.57
2.7035
2.4405
2.596
2.44
2.669
2.528
2.595
2.722
2.899
2.956
2.817
3.026
3.126
2.988
3.4175
3.088
3.217
3.441
2.896
3.004
2.939
2.695
3.093
3.181
3.145
3.176
3.257
3.517
3.537
3.491
3.33
3.406
3.106
2.993
3.222
2.7
3.108
2.902
2.708
2.917
2.129
2.464
2.444
2.131
2.215
2.512
2.032
1.856
1.819
1.582
1.457
1.564
1.84
2.243
2.346
2.543
2.447
2.75
2.658
2.447
2.855
2.669
2.765
2.359
2.668
2.366
2.546
2.888
2.578
2.085
2.352
3.078
2.479
2.648
2.479
2.682
2.988
2.782
2.776
2.891
2.785
3.091
2.882
2.91
2.5625
2.918
3.018
2.782
2.587
2.888
2.5705
2.777
2.3495
2.989
2.884
3.081
2.873
2.578
2.569
2.978
2.978
3.103
2.789
2.892
2.799
2.7
2.191
2.296
2.488
2.794
2.786
3.183
2.983
2.669
3.092
2.889
2.704
2.796
2.699
2.897
2.995
2.6
2.4715
2.469
2.4075
2.5415
3.0
2.901
2.5545
2.6315
2.3435
3.1455
2.8385
3.189
3.228
2.622
2.708
2.9655
2.884
2.774
2.895
2.887
2.882
2.597
2.843
2.584
2.982
3.182
3.486
2.99
2.666
3.483
3.143
3.176
3.459
3.353
3.071
2.805
3.128
2.875
2.469
2.778
2.823
2.782
2.874
3.165
3.095
3.11
2.8225
2.904
3.176
2.8105
2.7765
2.4735
2.77
2.971
2.9565
2.715
2.612
2.657
3.121
3.266
2.705
2.548
2.907
2.626
2.629
2.268
2.376
2.233
2.617
2.453
2.373
2.575
2.748
2.706
3.128
3.177
3.012
3.11
3.407
3.061
2.666
3.047
2.8725
3.12
3.1155
2.871
3.0695
3.228
2.734
3.211
3.2145
2.949
3.055
2.4365
3.079
3.282
3.073
3.0365
2.9515
2.791
2.4975
2.278
2.3925
2.431
2.455
2.22
2.5625
2.409
2.496
2.22
2.2725
2.479
2.72
2.6785
2.582
2.785
2.723
2.5725
3.131
3.079
2.925
3.1665
3.176
3.031
2.879
3.2665
2.976
3.3785
3.185
2.723
2.569
2.765
2.4045
2.549
2.982
2.679
2.806
3.006
3.1025
2.587
2.945
3.256
2.948
2.9465
2.9555
2.933
2.421
2.524
2.925
2.944
2.697
3.308
2.966
3.341
3.229
3.29
3.139
3.5765
3.9615
3.3335
3.2695
3.188
2.9255
2.7675
2.741
3.0205
2.693
3.099
3.2675
3.378
2.96
2.9245
3.2835
3.4255
3.309
3.06
3.0495
3.169
3.357
3.221
3.3515
3.294
3.055
3.268
3.264
3.2835
3.606
3.383
3.178
3.366
3.511
3.1585
3.3225
3.0485
3.08
3.123
3.4085
3.579
3.565
3.6475
3.947
3.325
3.616
3.672
3.8985
3.7395
3.3735
3.3475
3.202
3.3195
2.938
3.356
3.012
2.8395
2.987
2.885
2.607
3.204
3.326
3.0945
3.331
3.4565
3.0975
3.448
3.317
3.2715
3.626
3.648
3.3525
3.546
3.5225
3.147
3.4295
3.3535
3.1525
3.4075
3.591
2.922
3.12
2.9985
3.149
3.0575
3.4745
3.3165
3.495
3.64
3.6645
3.4995
3.597
3.4285
3.6275
3.8755
3.091
3.326
3.0215
3.23
3.2615
3.4695
3.3995
3.492
3.5255
3.207
3.4285
3.731
2.913
2.9895
2.807
3.311
2.893
3.389
3.5225
2.4695
2.5945
2.833
2.9365
2.682
2.9105
3.0205
2.9135
2.513
2.7025
2.4
2.3845
2.9015
2.6045
2.9015
2.5935
3.2955
3.253
2.897
2.724
2.913
2.8615
2.666
3.1355
2.844
2.777
3.134
3.1705
3.0255
2.973
3.398
3.098
2.8605
3.164
3.298
2.978
3.284
2.7185
2.969
3.157
3.0695
3.0935
2.829
2.974
2.831
3.346
2.8375
2.749
2.4965
2.3725
2.149
2.245
1.894
2.2145
2.425
2.527
2.264
2.758
2.17
1.809
2.2075
2.182
1.8845
2.084
2.0875
2.0055
1.8015
1.793
1.8955
1.817
1.7025
1.804
1.551
1.4645
1.458
1.538
1.563
1.9475
1.9975
1.8845
1.896
1.8615
1.4865
1.851
2.052
1.833
1.995
2.2225
1.8015
2.1265
2.3655
1.992
1.6735
1.456
1.381
1.3745
1.6205
1.702
1.8365
2.089
2.1595
1.762
1.8845
1.9495
1.6865
1.9565
2.073
1.8615
1.788
2.0435
1.8895
1.87
2.272
2.367
1.9725
1.661
1.58
1.7625
1.7765
1.971
2.2145
1.871
2.0725
1.976
1.8625
2.05
2.0465
2.258
2.6505
2.171
2.34
2.543
2.9245
2.456
2.522
2.715
2.628
2.826
2.213
2.842
2.538
2.62
2.3115
2.921
2.381
2.3415
2.2305
2.3465
1.773
2.8325
2.359
2.557
2.4445
2.653
2.6505
2.337
2.7945
2.489
2.644
3.1555
2.8155
2.348
2.7415
3.041
2.4355
2.47
2.7385
2.5565
2.7835
2.622
2.626
2.5785
2.5215
2.7615
2.1475
2.0145
2.207
3.1225
2.839
2.7215
2.5715
2.853
2.6315
2.6665
2.2735
2.5935
2.9115
2.8565
2.9355
2.56
3.1775
2.9005
2.9485
3.183
2.7975
2.947
2.5125
2.857
2.8595
2.533
2.834
2.801
2.9735
2.926
2.8275
3.0315
2.98
3.029
2.9325
2.8435
2.788
3.147
3.3325
3.5205
3.647
3.23
2.7925
3.2585
3.2225
2.7665
3.0055
3.309
2.633
2.8695
2.678
2.965
2.932
3.0755
2.709
3.0315
3.0245
3.039
3.0865
2.874
2.9525
2.8675
3.3085
2.8985
3.366
3.1005
2.3235
2.684
3.028
2.9595
2.4095
2.2265
2.893
2.405
2.49
2.368
2.9555
2.644
2.455
2.6925
2.5695
2.9725
2.574
2.5945
2.555
2.336
2.4045
2.105
2.174
1.8995
2.156
2.416
2.0365
2.192
2.316
2.192
2.148
2.0885
2.1065
1.887
2.5485
2.285
2.528
2.4955
2.6885
2.4875
2.1345
2.5385
2.27
2.236
2.4745
2.2415
2.503
2.26
2.2885
2.268
2.4125
2.5315
2.751
2.771
2.716
2.4295
2.992
2.627
2.474
2.426
2.373
2.0375
1.87
1.8785
1.877
2.077
1.642
2.1175
1.87
1.777
2.072
1.8595
1.8445
2.037
1.92
1.584
1.667
2.0525
2.39
2.085
1.932
1.81
1.6705
1.712
1.434
1.447
1.6685
1.625
1.6815
1.524
1.6665
1.795
1.6035
1.9925
1.646
2.269
2.353
2.527
2.829
2.498
2.5825
2.53
2.412
2.3785
2.538
2.617
2.8455
2.9555
2.508
3.2025
3.2355
2.9875
2.948
2.723
2.464
2.3605
2.6535
2.587
2.352
2.7585
2.3125
2.641
2.646
2.1675
3.071
2.5825
2.736
2.86
2.562
3.4165
2.9975
3.1865
3.1735
2.689
2.612
2.5335
2.377
3.119
3.016
2.8205
2.4545
2.1645
2.0305
2.16
2.471
2.3495
2.115
2.1565
2.8805
2.4005
2.627
2.6345
2.7235
2.776
2.6345
2.817
2.87
2.7265
2.646
2.4465
2.609
3.046
2.682
2.856
2.944
2.527
2.608
2.862
2.776
2.55
2.809
2.738
2.338
2.74
2.528
2.413
2.064
2.67
2.109
1.575
1.82
1.731
2.374
1.735
1.997
2.369
2.026
2.387
2.134
2.284
2.392
2.174
1.881
1.9125
2.099
1.801
1.897
2.17
2.174
1.7885
2.033
1.902
1.66
1.823
1.794
1.907
1.6955
1.732
1.712
1.9835
1.796
1.6165
2.04
2.071
1.786
1.6235
2.5745
2.515
2.5355
2.8085
2.982
2.784
2.467
3.295
2.782
2.797
2.4245
2.432
3.3055
2.641
3.099
2.7015
2.993
3.0585
3.255
3.1795
3.091
2.865
2.572
3.0305
2.96
3.57
2.872
3.232
3.1715
2.7755
3.4155
3.468
2.804
3.4725
3.1875
3.15
2.864
2.905
3.166
3.2885
2.999
2.983
3.587
3.3195
3.331
3.2295
3.15
3.341
3.443
2.921
3.5475
3.538
3.3025
3.704
3.4305
3.371
3.1455
2.976
2.881
2.374
2.723
2.715
2.691
2.873
2.786
3.2035
2.9025
3.0775
2.9975
2.773
2.6635
2.992
2.995
2.76
2.802
2.383
3.182
2.6815
2.678
2.773
2.9055
2.63
2.7045
2.7055
2.886
2.971
2.564
2.884
2.9375
2.7425
3.061
3.1225
3.375
2.77
2.71
3.008
2.2855
2.62
2.422
2.6995
2.314
2.1165
2.5075
2.554
2.3275
2.232
2.546
2.5365
2.3465
2.528
2.4225
2.424
2.8055
3.0935
2.697
3.1065
2.5155
2.685
2.694
2.9085
2.8875
2.7265
2.2425
2.248
2.6055
2.3325
2.126
1.9065
2.0865
2.2755
2.115
2.065
2.0855
2.1815
2.073
2.35
2.335
2.602
2.904
3.016
2.5205
2.8785
2.8095
2.8415
2.7575
2.6195
2.9055
2.8095
2.9855
2.7
2.903
2.5455
2.9985
3.0035
2.793
2.707
2.609
2.7725
2.904
2.924
2.897
2.7325
2.678
2.902
3.13
2.8185
3.2465
2.883
2.725
3.114
2.9975
3.0845
2.886
3.0635
3.069
2.8405
2.821
2.4555
2.5845
2.169
2.3425
2.164
2.4835
2.7605
2.4345
2.743
3.24
2.772
2.7185
2.456
3.04
2.8605
2.5755
2.5685
2.29
2.2975
1.9965
2.268
2.252
2.188
2.3615
2.4535
2.1915
2.38
2.625
2.672
2.6495
2.2645
1.8225
1.7595
1.952
1.959
2.4335
2.379
1.983
2.205
2.202
2.667
2.5755
2.088
2.095
2.54
3.0275
2.6385
2.8285
2.8415
3.2095
2.611
2.816
2.8125
2.9225
2.9205
2.901
2.9225
3.1205
3.388
2.9035
3.0745
3.2055
2.916
2.9835
3.3875
3.0795
2.822
3.3995
2.6895
2.7355
2.7045
2.6165
3.2605
2.8145
3.138
3.066
3.168
2.895
3.222
2.991
2.984
3.269
3.3655
3.646
3.225
3.0745
3.0405
3.544
3.3275
2.896
2.428
2.9695
3.339
2.7195
3.398
3.017
2.7755
3.5215
3.34
3.3415
3.0305
3.0365
3.1565
3.129
3.424
3.3815
3.1805
3.4235
3.5925
3.5585
3.2555
3.047
3.4115
2.8635
3.5875
3.6165
3.415
3.4005
3.3465
3.5815
3.174
3.53
3.432
3.189
3.504
3.275
3.082
3.283
2.8845
2.8585
2.934
2.567
3.1595
2.9215
3.0985
3.0265
2.9915
3.494
2.9755
2.715
2.6325
2.423
2.793
2.8725
2.8785
2.9805
2.9835
2.803
3.3945
3.0025
3.5775
3.0965
2.975
2.9175
3.1685
2.5445
2.9145
2.916
3.046
2.9885
3.1255
2.731
2.893
2.728
2.8085
3.441
3.083
3.3225
3.352
3.434
3.701
3.4885
3.3625
3.4115
3.162
3.5675
3.483
3.897
3.365
3.3965
3.7655
3.2575
3.2285
3.034
2.771
3.0375
3.1395
3.112
3.024
2.986
3.1135
3.211
3.278
3.6525
3.4555
3.659
3.103
3.258
3.355
3.864
3.7255
3.663
3.404
3.6935
3.447
3.305
3.1955
3.282
3.3325
3.348
2.754
2.975
3.1525
3.4695
3.061
3.4385
3.1535
2.8875
3.635
3.0655
2.995
2.705
3.071
3.348
3.062
2.7725
2.8995
2.999
3.356
3.356
3.475
2.857
3.158
2.762
2.846
3.269
2.976
3.1595
2.865
2.8745
3.1835
2.77
3.042
3.253
3.459
2.746
2.7385
3.339
3.307
3.514
3.3095
3.2225
3.514
3.736
3.15
2.772
3.169
3.19
3.2165
2.781
2.768
3.367
2.768
2.9775
2.9
2.488
2.591
2.778
2.684
2.6615
2.4555
2.401
2.562
2.715
2.6875
2.6615
2.703
2.9045
3.061
2.874
2.552
3.19
2.668
2.768
2.961
3.064
3.086
2.883
3.176
3.258
3.044
3.245
3.525
3.417
3.271
3.198
3.522
3.401
3.414
2.935
3.102
3.787
3.323
3.586
3.293
3.23
3.377
3.169
3.156
2.937
3.222
3.053
2.765
3.277
3.069
2.677
2.884
2.606
2.8985
2.7085
2.723
2.4385
2.6055
2.244
2.504
2.614
2.8385
2.73
2.7115
2.9225
3.0465
3.0915
3.6245
3.4
2.8005
3.0665
3.0265
3.094
3.8315
3.5705
3.6155
3.26
3.2205
2.968
3.1415
3.2175
3.369
3.163
3.226
2.724
3.139
2.764
2.733
2.7925
2.9835
2.983
3.511
3.5155
3.952
3.2665
3.408
3.648
3.2225
3.274
3.4225
3.0995
2.8025
3.346
2.8475
2.9025
2.8545
2.847
3.3655
3.0865
3.237
3.289
3.181
3.061
3.017
2.992
2.9475
2.948
2.967
3.035
3.262
3.23
3.4145
2.778
2.5925
2.801
3.167
2.813
2.952
3.264
3.007
2.751
3.0265
3.157
3.5335
2.944
3.2275
3.118
3.1295
3.2685
3.334
3.431
3.709
3.244
3.3195
3.74
3.434
2.98
3.2225
3.214
3.345
3.047
3.53
3.43
3.06
3.43
2.8735
3.037
3.032
2.844
2.865
3.145
2.487
2.67
2.487
2.575
2.8085
2.97
2.492
2.67
2.86
2.6775
2.9125
2.737
2.929
2.907
2.815
2.687
2.682
3.055
2.492
2.682
2.867
3.055
3.237
3.142
2.865
2.7685
2.852
2.877
2.974
2.869
2.9575
3.6225
2.9525
3.2355
3.0445
3.246
