3.1535
2.655
3.1425
2.9885
2.455
2.8365
2.847
2.8035
2.929
3.0035
2.876
2.496
2.9085
2.727
2.8575
2.8445
3.0445
2.5385
2.742
2.7915
2.788
2.5735
3.2505
3.369
2.9475
3.424
2.8895
3.1535
2.966
3.009
3.1335
2.5605
3.082
3.193
3.326
2.9215
2.795
3.129
2.7205
2.9275
3.017
2.9465
2.557
2.7955
2.6485
2.512
2.731
2.7795
2.892
2.7715
2.5755
2.593
2.93
2.9155
2.7705
2.9465
3.146
3.0485
3.0605
3.3005
2.939
3.14
3.073
3.244
3.339
3.206
3.405
3.1895
3.47
3.4215
3.412
3.619
3.1885
3.2735
3.6575
3.521
3.5725
3.674
3.8075
4.0075
3.894
3.8445
3.9815
4.0585
3.9795
4.0775
4.0545
4.1
4.12
4.2135
4.157
4.0975
4.1815
4.296
4.275
4.331
4.2985
4.4365
4.3445
4.413
4.4965
4.3345
4.546
4.583
4.608
4.478
4.46
4.324
4.425
4.504
4.554
4.588
4.4985
4.5895
4.594
4.517
4.512
4.5785
4.639
4.558
4.5675
4.5645
4.567
4.6645
4.6525
4.649
4.664
4.609
4.723
4.733
4.604
4.5755
4.589
4.5855
4.5475
4.4365
4.5475
4.492
4.4475
4.5645
4.534
4.554
4.5435
4.5025
4.45
4.4805
4.5815
4.512
4.563
4.568
4.62
4.467
4.512
4.5285
4.42
4.4005
4.4085
4.4475
4.506
4.5595
4.5675
4.6385
4.6195
4.667
4.6245
4.5545
4.61
4.605
4.5965
4.5625
4.636
4.6795
4.7335
4.725
4.75
4.7045
4.6995
4.76
4.7045
4.76
4.75
4.71
4.705
4.6525
4.6525
4.6575
4.6575
4.62
4.615
4.62
4.625
4.615
4.653
4.72
4.675
4.5845
4.665
4.71
4.653
4.71
4.71
4.6555
4.613
4.608
4.71
4.6145
4.6295
4.5325
4.675
4.663
4.5575
4.611
4.668
4.549
4.533
4.568
4.62
4.625
4.62
4.555
4.608
4.563
4.608
4.5525
4.5525
4.5525
4.6695
4.6425
4.6895
4.6375
4.58
4.639
4.639
4.5855
4.5525
4.641
4.5955
4.6995
4.5855
4.647
4.585
4.582
4.7075
4.608
4.6105
4.644
4.555
4.639
4.6945
4.525
4.595
4.545
4.547
4.525
4.595
4.471
4.3905
4.461
4.479
4.3515
4.4095
4.359
4.306
4.2545
4.3095
4.339
4.4575
4.4395
4.495
4.469
4.5485
4.4935
4.411
4.551
4.5825
4.462
4.4675
4.641
4.6125
4.6345
4.76
4.6
4.66
4.715
4.7125
4.713
4.6505
4.615
4.73
4.5725
4.62
4.73
4.6295
4.5145
4.5755
4.6755
4.695
4.6805
4.6
4.6375
4.5425
4.6795
4.637
4.6735
4.608
4.638
4.634
4.7145
4.531
4.67
4.585
4.78
4.58
4.395
4.285
4.575
4.675
4.69
4.665
4.67
4.675
4.67
4.765
4.67
4.76
4.6995
4.6045
4.7265
4.7045
4.6395
4.7195
4.6465
4.5245
4.7245
4.6095
4.7365
4.6045
4.6995
4.6245
4.5685
4.659
4.659
4.5835
4.5555
4.562
4.7145
4.6175
4.5635
4.6585
4.614
4.677
4.5175
4.6585
4.6785
4.6295
4.564
4.6735
4.6335
4.5175
4.438
4.6525
4.6685
4.675
4.585
4.58
4.624
4.58
4.755
4.429
4.374
4.745
4.475
4.765
4.6945
4.755
4.755
4.603
4.6145
4.6295
4.78
4.655
4.5725
4.5595
4.5415
4.626
4.525
4.5535
4.6385
4.68
4.64
4.6735
4.5675
4.6365
4.67
4.67
4.608
4.66
4.695
4.665
4.565
4.665
4.635
4.665
4.662
4.703
4.703
4.76
4.7215
4.755
4.678
4.76
4.765
4.715
4.653
4.71
4.71
4.613
4.613
4.6195
4.632
4.6685
4.499
4.6095
4.6095
4.5745
4.5945
4.583
4.6515
4.6595
4.6545
4.7015
4.6745
4.6395
4.6095
4.6645
4.5475
4.6095
4.6635
4.7095
4.603
4.66
4.655
4.5995
4.543
4.6185
4.5935
4.668
4.6545
4.6815
4.604
4.5025
4.68
4.61
4.504
4.54
4.57
4.66
4.66
4.66
4.57
4.57
4.5095
4.546
4.4635
4.359
4.286
4.3715
4.313
4.4695
4.414
4.349
4.381
4.381
4.5445
4.4695
4.269
4.392
4.452
4.452
4.452
4.3965
4.5775
4.476
4.517
4.4565
4.504
4.4915
4.5165
4.6145
4.44
4.5995
4.4885
4.603
4.4655
4.485
4.227
4.481
4.355
4.349
4.296
4.3395
4.463
4.557
4.404
4.4605
4.4735
4.499
4.4825
4.5045
4.3995
4.3415
4.462
4.4355
4.5045
4.423
4.289
4.415
4.3805
4.38
4.507
4.4625
4.46
4.5125
4.7025
4.7055
4.645
4.6975
4.7025
4.728
4.692
4.6585
4.5025
4.555
4.56
4.582
4.514
4.6055
4.6125
4.542
4.5125
4.614
4.519
4.6025
4.638
4.665
4.6225
4.467
4.4655
4.5605
4.649
4.6255
4.5885
4.627
4.5575
4.611
4.549
4.5525
4.5255
4.3745
4.391
4.4925
4.2055
4.188
4.4895
4.277
4.3175
4.173
4.5095
4.5525
4.219
4.289
4.199
4.321
4.5785
4.4985
4.5045
4.552
4.2385
4.6205
4.4455
4.6415
4.444
4.519
4.397
4.5665
4.1735
4.14
4.4115
4.535
4.4415
4.491
4.1815
4.2655
4.343
4.3215
4.235
4.039
4.454
4.5845
4.29
4.005
4.022
4.212
4.1425
4.137
4.7105
4.168
4.3355
4.335
4.5155
4.174
4.188
4.337
4.535
4.522
4.4655
4.4485
4.1755
4.5405
4.175
4.09
4.665
4.465
4.185
4.275
4.735
4.645
4.645
4.64
4.56
4.601
4.555
4.555
4.66
4.555
4.555
4.74
4.54
4.37
4.535
4.66
4.555
4.665
4.385
4.465
4.655
4.475
4.485
4.65
4.685
4.575
4.6
4.665
4.665
4.565
4.65
4.465
4.65
4.64
4.735
4.65
4.745
4.74
4.74
4.745
4.7535
4.72
4.6945
4.5475
4.693
4.693
4.5835
4.639
4.5585
4.6465
4.587
4.5505
4.6345
4.556
4.523
4.555
4.5055
4.5895
4.603
4.589
4.6265
4.713
4.6485
4.6595
4.639
4.698
4.6425
4.6485
4.566
4.511
4.5655
4.508
4.5065
4.6115
4.5695
4.449
4.4965
4.554
4.575
4.624
4.52
4.3795
4.5495
4.615
4.668
4.601
4.614
4.6575
4.7305
4.7045
4.656
4.6075
4.682
4.587
4.596
4.5495
4.614
4.7235
4.757
4.693
4.6815
4.593
4.6895
4.5465
4.53
4.5405
4.507
4.49
4.652
4.493
4.4335
4.637
4.693
4.54
4.705
4.7485
4.652
4.7385
4.7215
4.5215
4.7485
4.6535
4.7355
4.7385
4.57
4.628
4.6555
4.6265
4.6935
4.713
4.703
4.7165
4.7115
4.7135
4.628
4.715
4.628
4.7165
4.7165
4.7405
4.665
4.7315
4.703
4.6865
4.7145
4.687
4.6565
4.665
4.607
4.6995
4.687
4.63
4.6775
4.5845
4.6645
4.5965
4.5935
4.5445
4.3815
4.371
4.6125
4.1595
4.288
4.21
4.188
4.0555
4.1695
4.3445
4.497
4.392
4.3915
4.2815
4.361
4.2
4.247
4.2935
4.1085
4.428
4.4885
4.411
4.392
4.543
4.563
4.59
4.3805
4.3815
4.4365
4.4005
4.3995
4.4875
4.4785
4.5365
4.524
4.663
4.512
4.569
4.6165
4.5955
4.591
4.6125
4.629
4.449
4.4735
4.528
4.3855
4.4535
4.5305
4.544
4.5155
4.478
4.4255
4.422
4.5415
4.5475
4.436
4.4305
4.426
4.4105
4.562
4.503
4.5015
4.491
4.4945
4.3495
4.4685
4.392
4.5465
4.397
4.4385
4.3495
4.2805
4.5265
4.444
4.461
4.356
4.4595
4.514
4.488
4.609
4.7
4.6375
4.662
4.7705
4.7335
4.7035
4.665
4.7305
4.7465
4.7045
4.7425
4.7405
4.5835
4.632
4.6585
4.6435
4.6225
4.57
4.591
4.612
4.6065
4.6565
4.583
4.5715
4.522
4.6335
4.6685
4.6665
4.6825
4.67
4.6755
4.712
4.622
4.576
4.6445
4.715
4.6965
4.6445
4.532
4.642
4.6565
4.6625
4.6505
4.561
4.613
4.422
4.529
4.4045
4.464
4.513
4.5265
4.363
4.327
4.423
4.401
4.3825
4.494
4.5065
4.487
4.611
4.5185
4.548
4.5845
4.5665
4.5465
4.4785
4.5885
4.531
4.422
4.4615
4.4295
4.4755
4.5045
4.491
4.341
4.445
4.291
4.3535
4.2015
4.217
4.312
4.3515
4.4195
4.2555
4.066
4.4055
4.377
4.2185
4.325
4.27
4.3315
4.254
4.225
4.3895
4.3105
4.474
4.3865
4.329
4.2875
4.465
4.3425
4.461
4.4935
4.336
4.362
4.423
4.471
4.4395
4.424
4.5625
4.5125
4.47
4.496
4.508
4.5545
4.675
4.6455
4.6075
4.6005
4.5395
4.577
4.5885
4.688
4.6485
4.5435
4.609
4.699
4.5845
4.643
4.6645
4.4835
4.5985
4.696
4.687
4.724
4.7245
4.7375
4.737
4.7385
4.6435
4.642
4.705
4.686
4.606
4.5445
4.6665
4.672
4.648
4.596
4.6435
4.6685
4.673
4.695
4.799
4.832
4.798
4.8085
4.84
4.7705
4.739
4.7525
4.7995
4.783
4.8055
4.7395
4.781
4.8105
4.7425
4.8
4.712
4.7385
4.6525
4.743
4.7015
4.713
4.6975
4.8105
4.811
4.6795
4.759
4.7635
4.7995
4.754
4.7035
4.789
4.758
4.7595
4.771
4.7575
4.7495
4.71
4.756
4.722
4.837
4.83
4.7625
4.7825
4.7335
4.7155
4.777
4.7845
4.794
4.7895
4.6885
4.771
4.7045
4.7465
4.7465
4.723
4.7055
4.7175
4.712
4.764
4.6635
4.7625
4.819
4.6755
4.647
4.769
4.6015
4.6995
4.6905
4.698
4.6795
4.669
4.71
4.7795
4.699
4.6735
4.639
4.722
4.771
4.7865
4.694
4.635
4.667
4.5815
4.616
4.783
4.735
4.75
4.806
4.6775
4.8175
4.726
4.7485
4.711
4.6865
4.82
4.7835
4.7575
4.6785
4.701
4.656
4.649
4.6135
4.79
4.724
4.5585
4.7595
4.5495
4.7235
4.7015
4.808
4.799
4.724
4.755
4.728
4.7035
4.7505
4.786
4.807
4.7345
4.781
4.704
4.784
4.701
4.7135
4.71
4.74
4.735
4.699
4.632
4.603
4.587
4.644
4.628
4.703
4.678
4.585
4.627
4.598
4.4605
4.51
4.5525
4.542
4.548
4.513
4.452
4.4995
4.3925
4.4955
4.557
4.548
4.5455
4.505
4.5475
4.431
4.587
4.6505
4.581
4.506
4.542
4.6195
4.6725
4.6765
4.697
4.665
4.6095
4.671
4.703
4.572
4.663
4.635
4.518
4.5715
4.5535
4.661
4.571
4.608
4.5865
4.42
4.613
4.5115
4.545
4.575
4.5335
4.5195
4.43
4.486
4.586
4.507
4.3635
4.576
4.4605
4.3185
4.527
4.4765
4.4055
4.468
4.4335
4.4915
4.5455
4.5135
4.573
4.603
4.6265
4.649
4.6395
4.523
4.4915
4.632
4.679
4.681
4.68
4.6455
4.669
4.713
4.6765
4.71
4.6295
4.621
4.66
4.38
4.4715
4.4805
4.555
4.488
4.426
4.4995
4.604
4.5335
4.485
4.6675
4.6245
4.619
4.567
4.6295
4.728
4.713
4.487
4.3665
4.4575
4.6235
4.709
4.5565
4.5855
4.4525
4.6275
4.5455
4.6485
4.6575
4.703
4.72
4.589
4.679
4.622
4.568
4.5325
4.613
4.567
4.7215
4.7325
4.585
4.655
4.6215
4.602
4.707
4.5035
4.6315
4.3745
4.645
4.55
4.737
4.645
4.6765
4.6535
4.638
4.7055
4.639
4.623
4.3565
4.4785
4.238
4.383
4.4025
4.633
4.4195
4.388
4.559
4.386
4.5765
4.4325
4.581
4.605
4.634
4.638
4.614
4.579
4.6015
4.6735
4.607
4.5945
4.5665
4.5375
4.468
4.5215
4.5965
4.55
4.5435
4.5815
4.6295
4.5115
4.5245
4.5305
4.421
4.4925
4.5455
4.4945
4.623
4.575
4.566
4.457
4.3175
4.324
4.442
4.321
4.63
4.464
4.4835
4.5535
4.3465
4.189
4.503
4.2315
4.2485
4.21
4.1735
4.3835
4.16
4.4705
4.535
4.412
4.2755
4.454
4.1835
4.399
4.354
4.4915
4.5345
4.2355
4.2685
4.3
4.143
4.3385
4.513
4.514
4.075
4.4155
4.18
4.3805
4.467
4.4855
4.2865
4.472
4.422
4.472
4.187
4.5155
4.4915
4.399
4.428
4.429
4.5725
4.5085
4.5765
4.696
4.6635
4.369
4.556
4.751
4.4135
4.616
4.556
4.577
4.457
4.6225
4.5165
4.525
4.62
4.5215
4.59
4.4505
4.642
4.4525
4.6855
4.3395
4.5075
4.3385
4.4475
4.176
4.185
4.366
4.588
4.0445
4.0785
4.1115
4.304
4.29
4.3075
4.206
4.363
4.106
4.1725
4.263
4.1475
4.2995
4.4015
4.1365
4.168
4.121
4.344
4.123
4.4335
4.3185
4.505
4.4515
4.297
4.253
4.4355
4.4125
4.517
4.413
4.193
4.2185
3.9005
4.259
3.973
4.045
3.877
4.099
4.1585
4.233
4.151
4.311
4.2785
4.375
4.2875
4.3745
4.4545
4.457
4.49
4.2775
4.561
4.3465
4.5845
4.494
4.636
4.465
4.505
4.52
4.396
4.6205
4.1785
4.2705
4.3625
4.2945
4.661
4.5895
4.446
4.758
4.4595
4.5755
4.7055
4.3955
4.615
4.4435
4.607
4.606
4.5255
4.581
4.4995
4.4885
4.4485
4.6295
4.6785
4.5455
4.4955
4.4275
4.628
4.5835
4.658
4.084
4.6005
4.4615
4.6475
4.5565
4.6155
4.8425
4.746
4.729
4.5875
4.748
4.645
4.6495
4.618
4.6105
4.636
4.5265
4.542
4.415
4.6025
4.5515
4.556
4.561
4.456
4.608
4.72
4.7985
4.7005
4.7135
4.6045
4.581
4.72
4.4725
4.6005
4.4685
4.6465
4.46
4.571
4.5925
4.601
4.65
4.7205
4.5765
4.467
4.627
4.7025
4.6505
4.378
4.612
4.742
4.7655
4.6475
4.6515
4.7745
4.737
4.6035
4.77
4.656
4.693
4.691
4.692
4.688
4.746
4.7965
4.739
4.7215
4.7295
4.7045
4.738
4.6865
4.6345
4.7905
4.767
4.6325
4.77
4.744
4.804
4.694
4.753
4.7495
4.8475
4.718
4.696
4.8005
4.778
4.6905
4.867
4.761
4.7755
4.879
4.7925
4.8515
4.6985
4.8585
4.773
4.7615
4.635
4.7085
4.7655
4.6155
4.744
4.677
4.7975
4.5985
4.5685
4.817
4.77
4.654
4.7905
4.6645
4.674
4.7355
4.5645
4.6885
4.5515
4.672
4.67
4.75
4.685
4.558
4.713
4.659
4.694
4.7235
4.6845
4.674
4.747
4.742
4.7165
4.815
4.7895
4.7805
4.7085
4.855
4.8525
4.826
4.705
4.7955
4.6165
4.7595
4.8035
4.797
4.8205
4.8045
4.7835
4.785
4.7295
4.804
4.7355
4.771
4.7545
4.7685
4.6485
4.817
4.825
4.721
4.8155
4.7725
4.862
4.8705
4.885
4.8525
4.8235
4.804
4.854
4.7235
4.8425
4.765
4.7435
4.673
4.6745
4.754
4.7735
4.667
4.8285
4.8255
4.8375
4.849
4.8215
4.755
4.7735
4.79
4.7865
4.8165
4.831
4.8225
4.8045
4.906
4.891
4.7975
4.8175
4.914
4.8705
4.901
4.9175
4.8425
4.8435
4.822
4.8655
4.7905
4.802
4.942
4.932
4.9405
4.837
4.847
4.9355
4.9405
4.8505
4.9835
4.977
4.887
4.943
4.967
4.967
4.927
4.9685
4.9685
4.9685
4.88
4.956
4.9625
4.9815
4.9625
4.9815
4.973
4.924
4.9375
4.9565
4.97
4.97
4.9625
4.97
4.87
4.97
4.97
4.97
5.0
5.0
5.0
5.0
5.0
5.0
5.0
5.0
5.0
5.0
4.9865
4.985
5.0
5.0
5.0
4.9865
4.985
4.992
5.0
5.0
5.0
4.976
5.0
4.9
4.9
4.9
4.885
4.885
4.885
4.97
4.9715
4.97
4.97
4.9715
4.985
4.985
4.9835
4.9835
4.992
4.9835
4.985
4.9685
4.97
4.985
5.0
5.0
5.0
5.0
5.0
5.0
5.0
4.97
4.9685
4.9685
4.97
4.97
4.97
4.97
5.0
5.0
5.0
5.0
5.0
5.0
5.0
5.0
5.0
5.0
4.985
4.985
4.958
4.97
4.97
4.97
4.961
4.97
4.973
4.9445
4.985
4.955
4.985
4.985
4.985
4.97
4.97
4.97
4.9415
4.9415
4.9415
4.9565
4.97
4.97
4.955
4.955
4.955
4.97
4.97
4.935
4.935
4.985
4.985
4.985
4.97
4.97
4.9565
4.97
4.97
4.97
4.985
4.955
4.9415
4.9415
4.955
4.955
4.97
4.97
4.985
4.985
4.955
4.94
4.9415
4.955
4.97
4.97
4.9565
4.9565
4.9565
4.9565
4.9565
4.9565
4.9565
4.955
4.955
4.9565
4.9565
4.955
4.97
5.0
5.0
5.0
5.0
5.0
5.0
5.0
5.0
5.0
5.0
5.0
5.0
5.0
5.0
5.0
5.0
5.0
4.983
4.955
4.9845
4.9815
4.955
4.9815
4.9845
4.955
4.955
5.0
5.0
5.0
5.0
5.0
5.0
5.0
5.0
5.0
5.0
5.0
5.0
5.0
5.0
5.0
5.0
5.0
4.985
5.0
5.0
5.0
5.0
5.0
5.0
5.0
5.0
5.0
5.0
5.0
4.9865
4.9865
4.9865
4.9565
4.8565
4.8565
4.8715
4.8715
4.8715
4.8715
4.8865
4.8865
4.8
4.8
4.8
4.8
4.8
4.8
4.8
4.8
4.8
4.8
4.9
4.9
4.9
4.9
4.9
4.9
4.9
4.9
4.87
4.87
4.97
4.9565
4.9565
4.9565
4.9415
4.9415
4.955
4.9415
4.9415
4.9565
4.925
4.9175
4.94
4.94
4.91
4.925
4.94
4.955
4.955
4.925
4.925
4.9175
4.925
4.925
4.925
4.925
4.94
4.955
4.94
4.91
4.91
4.91
4.91
4.925
4.925
4.925
4.895
4.9085
4.895
4.925
4.925
4.91
4.91
4.91
4.895
4.8815
4.8815
4.913
4.9265
4.9415
4.9415
4.9415
4.9415
4.9415
4.9415
4.9415
4.9565
4.958
4.943
4.943
4.943
4.9295
4.9145
4.8995
4.8995
4.8545
4.91
4.913
4.928
4.928
4.9145
4.901
4.901
4.916
4.916
4.916
4.9295
4.8875
4.9145
4.913
4.913
4.913
4.928
4.913
4.898
4.8545
4.8695
4.8695
4.8695
4.8845
4.883
4.898
4.898
4.898
4.9565
4.9565
4.9565
4.985
4.97
4.985
4.985
4.9
4.9
4.9
4.9
4.885
4.885
4.885
4.885
4.885
4.87
4.87
4.87
4.87
4.87
4.875
4.84
4.84
4.8415
4.84
4.855
4.84
4.84
4.855
4.855
4.855
4.84
4.84
4.84
4.87
4.87
4.87
4.885
4.885
4.885
4.855
4.87
4.87
4.87
4.87
4.87
4.87
4.87
4.77
4.87
4.97
4.87
4.87
4.87
4.87
4.87
4.87
4.87
4.84
4.84
4.87
4.9
4.9865
4.9865
4.9865
4.9865
4.9865
4.9865
4.9865
4.9865
4.9865
4.9
4.9
4.9
4.9
4.9
4.9
4.9
4.9
4.9
4.9
4.9
4.9
4.9
4.9
5.0
5.0
5.0
5.0
5.0
5.0
5.0
5.0
5.0
4.97
4.97
4.97
4.97
4.97
4.97
4.97
4.97
4.97
4.97
4.955
4.955
4.955
4.97
4.97
5.0
5.0
5.0
5.0
5.0
5.0
5.0
4.985
4.985
4.885
4.87
4.77
4.77
4.785
4.785
4.785
4.8
4.8
4.77
4.735
4.8
4.785
4.7805
4.87
4.87
4.87
4.87
4.87
4.855
4.855
4.855
4.8505
4.87
4.885
4.885
4.9
5.0
4.985
4.97
4.97
4.97
4.985
4.985
5.0
5.0
5.0
5.0
5.0
5.0
5.0
5.0
5.0
5.0
5.0
5.0
5.0
5.0
5.0
5.0
4.97
4.97
4.955
4.9415
4.8415
4.8765
4.658
4.7865
4.9215
4.873
4.873
4.873
4.873
4.873
4.8595
4.8595
4.846
4.9325
4.9175
4.9175
4.9175
4.8905
4.889
4.889
4.9025
4.943
4.928
4.9415
4.9565
4.97
4.885
4.885
4.785
4.82
4.885
4.885
4.905
4.87
4.855
4.8565
4.89
4.855
4.905
4.855
4.855
4.855
4.84
4.86
4.875
4.84
4.8325
4.84
4.84
4.875
4.825
4.8465
4.725
4.84
4.825
4.84
4.94
4.925
4.91
4.88
4.8815
4.895
4.88
4.895
4.8965
4.925
4.925
4.9235
4.925
4.91
4.789
4.825
4.84
4.855
4.84
4.855
4.84
4.875
4.84
4.9235
4.94
4.94
4.955
4.94
4.9475
4.955
4.9625
4.955
4.97
4.9805
4.97
4.985
5.0
5.0
5.0
5.0
5.0
4.985
5.0
5.0
5.0
5.0
5.0
5.0
5.0
5.0
5.0
5.0
5.0
5.0
5.0
5.0
5.0
5.0
5.0
5.0
5.0
5.0
4.985
4.985
5.0
5.0
4.9
4.885
4.9
4.9
4.9
4.9
4.9
4.9
4.9
4.85
4.8
4.8
4.75
4.75
4.785
4.75
4.75
4.75
4.8
4.75
4.75
4.75
4.85
4.85
4.85
4.85
4.85
4.85
4.9
5.0
5.0
5.0
5.0
5.0
5.0
5.0
4.95
4.95
4.9365
4.9365
4.9865
4.9865
4.9865
4.9865
4.9865
4.8865
4.9
4.9
4.9
4.985
4.9035
4.955
4.97
4.955
4.925
4.925
4.955
4.955
4.9385
4.9535
4.87
4.97
4.955
4.94
4.94
4.94
4.9385
4.925
4.955
4.97
4.97
4.985
4.985
4.985
5.0
5.0
5.0
4.94
4.94
4.94
4.91
4.875
4.875
4.875
4.875
4.875
4.875
4.875
4.905
4.905
4.89
4.89
4.89
4.98
4.89
4.89
4.89
4.8885
4.7885
4.7885
4.8835
4.8955
4.982
4.9685
4.9685
4.9685
4.8685
4.8885
4.8685
4.8685
4.8685
4.8835
4.8685
4.8685
4.8685
4.8685
4.8685
4.8685
4.8685
4.885
4.985
5.0
5.0
5.0
5.0
5.0
4.97
4.97
4.97
4.97
4.97
4.91
4.88
4.7555
4.82
4.85
4.88
4.88
4.91
4.8155
4.91
4.88
4.88
4.82
4.8365
4.823
4.8665
4.8665
4.7985
4.8515
4.838
4.895
4.8815
4.9115
4.9115
4.8965
4.8815
4.8815
4.7815
4.7515
4.8515
4.868
4.853
4.8965
4.8965
4.94
4.88
4.829
4.85
4.82
4.82
4.82
4.79
4.69
4.77
4.72
4.72
4.78
4.78
4.78
4.8385
4.78
4.88
4.88
4.91
4.88
4.91
4.91
4.94
4.94
4.97
4.97
4.97
4.97
4.97
5.0
5.0
5.0
5.0
5.0
5.0
5.0
4.97
4.97
4.955
4.955
4.955
4.955
4.97
4.9565
4.9565
4.9565
4.943
4.958
4.973
4.973
4.973
4.973
4.973
4.973
4.973
4.973
4.973
4.9595
4.973
4.973
4.973
4.973
4.973
4.973
4.973
4.973
4.935
4.923
4.9155
4.9095
4.923
4.9365
4.9215
4.923
4.923
4.923
4.923
4.8865
4.9
4.8865
4.8865
4.8505
4.843
4.878
4.878
4.8705
4.8915
4.905
4.92
4.935
4.935
4.985
4.97
4.985
4.97
4.97
4.955
4.955
4.97
4.97
4.97
4.985
4.985
4.885
4.885
4.955
4.985
5.0
5.0
5.0
5.0
4.9
4.9
4.9
4.9
4.9
4.9
4.9
4.9
4.9
4.8715
4.8715
4.843
4.843
4.9715
4.9715
4.9715
4.9565
4.9565
4.9565
4.8565
4.828
4.8145
4.7845
4.7995
4.828
4.7995
4.8295
4.8865
4.8865
4.8715
4.8715
4.858
4.858
4.858
4.8715
4.885
4.885
4.885
4.855
4.855
4.855
4.855
4.825
4.955
4.955
4.955
4.955
4.955
4.955
4.955
4.94
4.89
4.89
4.89
4.805
4.84
4.81
4.81
4.66
4.71
4.795
4.763
4.775
4.71
4.725
4.74
4.69
4.74
4.825
4.87
4.92
4.905
4.94
4.955
4.955
4.9065
4.97
4.97
4.985
4.985
4.985
4.985
4.955
4.955
4.955
4.955
4.955
4.97
4.97
4.97
4.97
4.97
5.0
5.0
5.0
4.95
4.95
4.95
4.95
5.0
5.0
5.0
5.0
5.0
5.0
4.985
4.9565
4.9565
4.885
4.885
4.9
4.9
4.9
4.9
4.9
4.9
4.9
4.9
4.9
4.9
4.885
4.885
4.885
4.785
4.785
4.9
4.8
4.885
4.885
4.885
4.885
4.985
4.985
4.97
4.9565
4.9565
4.9565
4.9065
4.893
4.893
4.893
4.943
4.943
4.943
4.958
4.973
4.973
4.9865
4.9865
4.9565
4.9265
4.89
4.92
4.875
4.905
4.875
4.92
4.92
4.92
4.97
4.97
4.87
4.87
4.87
4.87
4.9
4.9
4.9
4.9
5.0
5.0
5.0
5.0
5.0
5.0
5.0
5.0
5.0
5.0
5.0
5.0
5.0
4.95
4.95
4.95
4.95
5.0
5.0
5.0
4.9865
5.0
4.95
4.9
4.9
4.9
4.9
4.9
4.95
4.9
4.9
4.8
4.77
4.87
4.87
4.87
4.87
4.82
4.87
4.87
4.8415
4.92
4.97
4.97
4.97
4.97
5.0
5.0
5.0
5.0
5.0
4.955
4.955
4.955
4.955
4.955
4.955
5.0
5.0
5.0
4.95
5.0
5.0
4.905
4.81
4.81
4.81
4.81
4.81
4.81
4.81
4.81
4.76
4.76
4.855
4.95
4.95
4.95
4.9
4.85
4.85
4.9
4.895
4.8
4.89
4.695
4.6
4.705
4.725
4.68
4.61
4.575
4.47
4.48
4.55
4.485
4.535
4.585
4.58
4.635
4.585
4.555
4.5665
4.675
4.665
4.715
4.65
4.515
4.6
4.71
4.62
4.645
4.685
4.735
4.735
4.785
4.885
4.885
4.935
4.935
4.935
4.98
4.915
4.915
4.87
4.885
4.835
4.835
4.835
4.735
4.83
4.72
4.72
4.67
4.67
4.62
4.62
4.62
4.77
4.815
4.77
4.815
4.77
4.765
4.72
4.77
4.835
4.945
4.9
4.85
4.9
4.9315
4.8865
4.9
4.9
4.9
4.9
4.945
4.8
4.8
4.8
4.845
4.8
4.9
4.9
4.9
4.9
4.9
4.9
4.9
4.8865
4.8865
4.8865
4.8865
4.8865
4.8865
4.8365
4.8095
4.8095
4.76
4.841
4.8095
4.868
4.8365
4.8865
4.8865
4.8865
4.9
4.9
4.9
4.9
4.9
4.9
4.9
4.9
4.9
4.9
4.9
4.9
4.9
5.0
5.0
5.0
5.0
4.9
4.84
4.84
4.83
4.78
4.88
4.88
4.88
4.82
4.82
4.83
4.83
4.8615
4.89
4.935
4.89
4.89
4.89
4.89
4.935
4.93
4.885
4.9165
4.785
4.885
4.8715
4.945
4.895
4.945
4.8
4.945
4.874
4.85
4.895
4.8365
4.8365
4.8365
4.847
4.8365
4.9265
4.958
4.9765
4.9315
4.9165
4.9465
4.888
4.9015
4.888
4.888
4.8335
4.849
4.8895
4.875
4.893
4.873
4.9195
4.7945
4.831
4.7995
4.876
4.846
4.876
4.893
4.8795
4.8295
4.8125
4.8425
4.874
4.8095
4.863
4.918
4.8865
4.9195
4.968
4.9865
4.9865
4.9865
4.9865
4.9865
4.9865
4.9865
4.9865
4.9865
4.9865
4.9865
4.9865
4.9865
4.9865
4.9565
4.97
4.97
5.0
5.0
5.0
5.0
4.955
4.955
4.9815
4.955
4.9845
4.8395
4.8655
4.8445
4.7865
4.9245
4.8655
4.7935
4.881
4.786
4.766
4.894
4.845
4.925
4.835
4.73
4.8325
4.87
4.895
4.869
4.89
4.94
4.85
4.895
4.85
4.9
4.945
4.945
4.9
4.9
4.945
4.99
4.93
4.945
4.945
4.99
4.99
4.945
4.93
4.924
4.82
4.895
4.885
4.9
4.985
4.8
4.9265
4.892
4.9165
4.99
4.995
4.995
4.995
4.945
4.945
4.85
4.895
4.885
4.84
4.735
4.8
4.845
4.845
4.84
4.885
4.8245
4.8695
4.899
4.9045
4.7645
4.7695
4.875
4.83
4.8
4.745
4.75
4.85
4.895
4.9
4.885
4.885
4.785
4.77
4.77
4.785
4.885
4.87
4.87
4.855
4.855
4.855
4.825
4.825
4.855
4.87
4.855
4.885
4.885
4.885
4.8215
4.8215
4.8215
4.8215
4.885
4.985
4.885
4.885
4.785
4.7565
4.6715
4.8565
4.8565
4.9565
4.9565
4.9565
4.9565
4.9565
4.9565
4.928
4.9145
4.9145
4.9145
4.8995
4.8995
4.928
4.913
4.886
4.886
4.8575
4.8575
4.8575
4.886
4.886
4.8575
4.8275
4.8275
4.8575
4.8275
4.8845
4.8845
4.943
4.943
4.943
4.943
4.9715
4.9715
4.97
4.97
4.988
4.9985
4.9985
4.997
4.9955
4.9955
4.9955
4.979
4.9955
4.982
4.982
4.9685
4.97
4.855
4.77
4.77
4.755
4.77
4.77
4.8715
4.84
4.873
4.816
4.8015
4.8295
4.8295
4.88
4.9115
4.871
4.843
4.8815
4.8265
4.8635
4.898
4.9115
4.928
4.9415
4.8085
4.815
4.8415
4.9415
4.9415
4.913
4.9415
4.9135
4.9565
4.915
4.9565
4.9265
4.9265
4.868
4.9265
4.8665
4.8965
4.9115
4.94
4.9415
4.9265
4.9
4.9415
4.9265
4.9565
4.9715
4.9715
4.928
4.943
4.943
4.9565
4.9565
4.9565
4.9565
4.973
4.9315
4.973
4.973
4.9595
4.9595
4.9445
4.9715
4.9715
4.985
4.985
4.985
4.985
4.97
4.97
4.97
4.87
4.915
4.87
4.87
4.855
4.955
4.97
4.94
4.955
4.955
4.955
4.94
4.94
4.94
4.94
4.94
4.91
4.895
4.895
4.895
4.91
4.91
4.895
4.895
4.895
4.895
4.853
4.94
4.94
4.94
4.87
4.9
4.9
4.9
4.9
4.9
4.9
4.9
4.8865
4.9315
4.9315
4.8865
4.8865
4.9865
4.9865
4.9715
4.9715
4.9715
4.9715
4.9715
4.9715
4.9715
4.9565
4.9565
4.9565
4.9565
4.9415
4.9415
4.9265
4.913
4.928
4.888
4.843
4.813
4.903
4.813
4.798
4.8415
4.8565
4.9015
4.7565
4.785
4.815
4.915
4.97
4.94
4.84
4.87
4.87
4.915
4.87
4.87
4.815
4.815
4.77
4.77
4.77
4.87
4.861
4.961
4.961
4.961
4.961
4.946
4.946
4.946
4.961
4.961
4.961
4.961
4.906
4.87
4.8685
4.9435
4.8985
4.9485
4.9935
4.9935
4.9935
4.933
4.9
4.9835
4.97
4.85
4.8935
4.9265
4.9335
4.9335
4.9335
4.9335
4.9835
4.987
5.0
5.0
4.97
4.97
4.97
5.0
5.0
4.97
4.97
4.97
4.97
4.97
4.97
4.97
4.97
4.97
4.97
5.0
5.0
5.0
5.0
5.0
5.0
5.0
5.0
5.0
4.95
5.0
5.0
5.0
5.0
5.0
5.0
5.0
5.0
5.0
5.0
5.0
5.0
5.0
5.0
5.0
5.0
5.0
5.0
5.0
5.0
5.0
5.0
5.0
5.0
5.0
5.0
5.0
5.0
5.0
5.0
5.0
5.0
5.0
5.0
5.0
5.0
5.0
5.0
5.0
5.0
5.0
5.0
5.0
5.0
5.0
5.0
5.0
4.9865
4.9865
4.9565
4.9565
4.9565
4.9865
4.9595
4.9595
4.9595
4.973
4.973
4.8865
4.8865
4.873
4.903
4.8895
4.858
4.8445
4.843
4.903
4.858
4.843
4.943
4.943
4.916
4.916
4.9295
4.901
4.901
4.9145
4.9145
4.9145
4.9145
4.9145
4.9415
4.9415
4.9565
4.9565
4.9565
4.9415
4.9415
4.9415
4.9415
4.9415
4.913
4.928
4.928
4.928
4.928
4.9265
4.8965
4.8965
4.925
4.94
4.94
4.91
4.91
4.91
4.91
4.88
4.895
4.925
4.9385
4.9385
4.9085
4.847
4.8455
4.8755
4.8755
4.877
4.877
4.8785
4.8485
4.847
4.847
4.817
4.817
4.8755
4.8035
4.8335
4.8635
4.8635
4.8785
4.8935
4.895
4.895
4.925
4.94
4.9265
4.9265
4.9265
4.94
4.97
4.97
5.0
5.0
5.0
5.0
5.0
5.0
4.9
4.9
4.945
5.0
5.0
5.0
5.0
5.0
5.0
5.0
5.0
5.0
4.985
4.985
4.985
4.955
4.955
4.955
4.925
4.895
4.895
4.9195
4.94
4.94
4.94
4.94
4.97
4.97
4.97
5.0
5.0
5.0
5.0
4.9865
4.9865
4.9815
4.9365
4.923
4.9365
4.9365
4.9365
4.9815
4.8865
4.9225
4.95
4.85
4.87
4.87
4.97
4.94
4.94
4.94
4.94
4.94
4.94
4.94
4.94
4.94
4.931
4.931
4.931
4.931
4.961
4.946
4.946
4.976
4.976
4.991
4.982
4.991
4.991
4.982
4.967
4.967
4.949
4.949
4.908
4.899
4.899
4.899
4.953
4.914
4.959
4.869
4.905
4.896
4.905
4.914
4.94
4.75
4.768
4.727
4.768
4.704
4.742
4.813
4.773
4.855
4.797
4.86
4.877
4.832
4.942
4.882
4.927
4.877
4.81
4.823
4.918
4.882
4.927
4.891
4.931
4.841
4.891
4.841
4.841
4.9
4.9
4.945
4.8
4.85
4.918
4.845
4.89
4.85
4.945
4.945
4.9
4.945
4.9
4.936
4.995
4.975
4.885
4.895
4.89
4.985
4.985
4.895
4.865
4.865
4.865
4.895
4.9
4.85
4.885
4.883
4.885
4.9
4.8865
4.9595
4.9265
4.9425
4.8715
4.8995
4.9165
4.9615
4.8995
4.8065
4.9075
4.8295
4.8345
4.8065
4.873
4.868
4.901
4.823
4.801
4.863
4.846
4.863
4.825
4.869
4.741
4.678
4.815
4.746
4.875
4.796
4.833
4.848
4.786
4.737
4.685
4.5265
4.3485
4.542
4.4905
4.5925
4.614
4.527
4.299
4.33
4.457
4.47
4.382
4.393
4.413
4.4645
4.362
4.362
4.401
4.3055
4.2715
4.3705
4.2045
4.3065
4.158
4.354
4.2955
4.327
4.3615
4.4015
4.3775
4.462
4.618
4.4955
4.468
4.481
4.716
4.628
4.6205
4.644
4.634
4.6295
4.57
4.503
4.593
4.576
4.708
4.546
4.592
4.57
4.683
4.5665
4.538
4.636
4.4475
4.528
4.5095
4.4165
4.4545
4.4645
4.6195
4.4945
4.478
4.621
4.5315
4.5665
4.5175
4.558
4.4395
4.413
4.4445
4.1665
4.175
4.238
4.1515
4.0265
4.003
4.063
3.913
4.1725
4.188
4.228
4.385
4.135
4.212
4.0
3.926
4.01
3.9665
4.1915
4.018
4.083
4.295
4.09
4.02
3.76
3.866
3.725
3.815
3.861
4.055
4.1665
4.024
4.213
3.965
3.66
3.978
3.861
3.783
3.898
3.718
3.828
3.703
3.665
3.6925
3.711
3.946
3.946
3.92
3.9065
3.92
3.7245
3.7015
3.9245
3.7795
3.883
3.66
3.6335
3.6
3.6385
3.9135
3.6035
3.663
3.705
3.8
3.817
3.985
4.065
3.96
4.0865
4.04
4.02
4.175
4.0135
3.9085
3.83
4.0585
3.895
3.9275
3.9015
3.8165
3.892
4.138
4.115
4.12
4.13
4.1295
4.225
4.09
4.381
4.32
4.225
4.226
4.325
4.1885
4.271
4.495
4.4285
4.345
4.42
4.381
4.441
4.315
4.317
4.476
4.275
4.486
4.528
4.5055
4.4035
4.457
4.506
4.496
4.64
4.631
4.483
4.66
4.676
4.855
4.796
4.703
4.765
4.715
4.75
4.841
4.871
4.871
4.82
4.915
4.908
4.855
4.876
4.882
4.825
4.882
4.87
4.891
4.87
4.941
4.935
4.935
4.935
4.935
4.956
4.935
4.985
4.985
4.985
4.985
4.985
4.9715
4.9715
4.9215
4.9215
4.9215
4.9215
4.9215
4.908
4.933
4.908
4.9215
4.9215
4.9215
4.9665
4.8665
4.8215
4.8215
4.8215
4.8215
4.7715
4.8215
4.8665
4.8215
4.803
4.758
4.86
4.915
4.865
4.88
4.835
4.865
4.7915
4.7795
4.805
4.905
4.905
4.92
4.92
4.92
4.905
4.92
4.92
4.92
4.92
4.965
4.92
4.935
4.935
4.98
4.95
4.995
4.95
4.95
4.95
4.95
4.95
4.95
4.95
4.95
4.95
4.95
4.95
4.95
4.935
4.92
4.92
4.965
4.8365
4.835
4.835
4.835
4.93
4.73
4.735
4.88
4.885
4.945
4.9
4.9
4.95
4.95
4.95
4.9
4.9
4.9
4.9
4.945
4.9
4.945
4.85
4.8
4.85
4.85
4.85
4.95
4.95
4.933
4.9
4.95
4.85
4.883
4.85
4.85
4.805
4.85
4.835
4.868
4.883
4.933
4.9
4.9
4.9
4.9
4.9
4.95
4.95
4.985
4.985
4.9805
4.97
4.8935
4.9745
4.9595
4.9595
4.9595
4.9595
4.9595
4.9445
4.8615
4.917
4.902
4.92
4.92
4.9305
4.92
4.932
4.92
4.92
4.92
4.92
4.935
4.935
4.968
4.98
4.98
4.98
4.98
4.98
4.98
4.98
4.975
4.98
4.965
4.965
4.98
4.9665
4.98
4.98
4.98
4.98
4.995
4.995
4.995
4.99
4.99
4.99
4.995
4.985
4.985
4.985
4.98
4.98
4.98
4.985
4.9715
4.9715
4.99
4.99
4.985
4.975
4.975
4.975
4.975
4.99
4.935
4.9215
4.918
4.8165
4.7
4.695
4.685
4.759
4.795
4.828
4.695
4.79
4.795
4.873
4.845
4.83
4.868
4.851
4.705
4.75
4.75
4.756
4.8
4.889
4.791
4.8
4.783
4.839
4.85
4.883
4.9
4.966
4.933
4.845
4.845
4.795
4.833
4.908
4.786
4.839
4.822
4.866
4.8
4.851
4.8715
4.7885
4.801
4.851
4.755
4.836
4.818
4.835
4.918
4.918
4.885
4.918
4.885
4.935
4.935
4.935
4.935
4.935
4.935
4.935
5.0
5.0
5.0
5.0
5.0
5.0
4.985
4.985
4.985
4.985
4.985
4.941
4.939
4.897
4.939
4.926
4.924
4.97
4.985
4.985
4.985
4.985
4.985
4.985
4.985
5.0
5.0
5.0
5.0
5.0
4.985
4.985
4.985
4.985
4.985
4.985
4.985
4.985
4.985
4.9
4.9
4.9
4.9
4.9
4.9
5.0
5.0
5.0
5.0
5.0
5.0
5.0
4.985
4.985
5.0
5.0
5.0
5.0
5.0
5.0
5.0
5.0
5.0
5.0
5.0
5.0
5.0
5.0
5.0
4.985
4.985
4.985
4.97
4.97
4.97
4.97
4.97
4.985
4.985
5.0
5.0
5.0
4.985
4.985
5.0
5.0
4.97
4.97
4.97
4.97
4.97
4.97
4.97
4.97
4.97
4.97
4.97
4.97
4.953
4.92
4.92
4.92
4.92
4.953
4.931
4.805
4.8795
4.863
4.868
4.918
4.933
4.928
4.9
4.966
4.95
4.91
4.983
4.953
4.853
4.85
4.933
4.983
4.966
4.838
4.866
4.932
4.884
4.701
4.734
4.734
4.802
4.766
4.846
4.819
4.869
4.871
4.8505
4.84
4.8815
4.944
4.929
4.871
4.9065
4.9455
4.942
4.906
4.8685
4.8865
4.9045
4.8685
4.9165
4.84
4.8715
4.803
4.866
4.815
4.8065
4.88
4.8685
4.853
4.9305
4.9305
4.949
4.949
4.934
4.943
4.9565
4.9565
4.9415
4.9415
4.9265
4.813
4.8565
4.8715
4.8865
4.8595
4.8235
4.8595
4.8595
4.8595
4.9375
4.846
4.9545
4.8595
4.9595
4.9595
4.9595
4.9595
4.973
4.973
4.922
4.9295
4.9445
4.8905
4.9235
4.9595
4.9235
4.973
4.9865
4.9865
4.949
4.9865
4.9365
4.968
4.9365
4.9815
4.968
4.9865
4.9865
4.9865
4.9865
4.9865
4.9
4.9
5.0
5.0
5.0
5.0
5.0
5.0
5.0
5.0
5.0
5.0
5.0
5.0
5.0
5.0
4.97
4.97
4.97
4.925
4.925
4.925
4.856
4.8965
4.94
4.84
4.84
4.87
4.87
4.87
4.87
4.87
4.87
4.8785
4.9
4.9
4.9
4.9085
4.9085
4.9
4.885
4.8565
4.87
4.87
4.8565
4.8295
4.87
4.929
4.885
4.87
4.885
4.8935
4.885
4.885
4.87
4.985
5.0
4.985
4.985
4.9715
4.9565
4.9565
4.9565
4.97
4.9805
4.955
4.97
4.9835
4.973
4.982
4.997
4.997
4.9835
4.9835
4.9835
4.997
4.997
4.9955
4.982
4.9955
4.9355
4.979
4.979
4.952
4.967
4.9925
4.979
4.991
4.9325
4.9625
4.991
4.949
4.9955
4.9805
4.982
4.955
4.9685
4.967
4.9265
4.865
4.967
4.937
4.931
4.952
4.9385
4.9535
4.9385
4.916
4.94
4.838
4.94
4.88
4.8875
4.868
4.9355
4.91
4.949
4.9385
4.943
4.8875
4.9175
4.8215
4.805
4.853
4.8905
4.8785
4.88
4.91
4.744
4.9115
4.7945
4.928
4.8635
4.8245
4.823
4.871
4.8815
4.871
4.8125
4.82
4.7945
4.7015
4.832
4.8515
4.8215
4.8245
4.862
4.8695
4.8035
4.8215
4.874
4.748
4.8155
4.8425
4.835
4.8665
4.8485
4.814
4.832
4.865
4.871
4.7675
4.8605
4.811
4.733
4.787
4.784
4.736
4.7765
4.775
4.802
4.6595
4.7885
4.6565
4.7045
4.677
4.604
4.6995
4.662
4.6325
4.734
4.649
4.709
4.8855
4.758
4.747
4.6215
4.439
4.595
4.683
4.738
4.6495
4.6835
4.528
4.8215
4.654
4.79
4.707
4.8365
4.7495
4.7565
4.76
4.85
4.775
4.7645
4.8125
4.7915
4.565
4.4165
4.656
4.7555
4.772
4.6465
4.5785
4.643
4.745
4.5095
4.5455
4.67
4.633
4.8595
4.423
4.441
4.6435
4.458
4.429
4.5155
4.557
4.442
4.379
4.216
4.079
4.0245
3.9455
3.876
4.264
4.0555
4.194
4.21
4.1185
4.1885
4.403
4.352
4.469
4.0905
4.191
4.246
4.209
4.295
4.476
3.932
4.484
4.1505
4.452
4.0955
4.119
4.519
4.325
4.2045
4.2945
4.1
4.2015
4.1445
4.223
4.2345
4.2605
4.078
4.257
4.052
4.2585
4.0825
4.0135
3.9805
4.004
3.943
4.0565
4.1125
3.923
4.047
4.2495
4.104
3.987
4.168
3.89
3.764
3.331
3.6995
3.6295
3.531
3.79
3.947
3.7645
3.532
3.6395
3.7485
3.686
3.9285
4.003
3.729
3.653
3.8435
3.835
3.655
3.8795
4.047
3.8235
4.077
4.0765
4.0895
3.9185
4.111
3.905
4.101
3.987
4.107
3.954
4.2145
3.8315
4.0505
3.628
4.095
3.87
3.782
3.9575
4.0375
3.5965
3.7905
3.7385
3.6585
3.732
3.4325
3.7275
3.554
3.6465
3.667
3.372
3.572
3.812
3.771
3.5915
3.7615
4.0875
3.9755
3.6995
4.014
4.0625
4.019
3.876
4.065
4.0195
3.6945
3.81
3.8525
3.744
3.8775
3.911
3.8
3.5635
3.809
3.7405
3.9225
3.63
3.644
3.902
3.5455
3.736
3.8495
3.798
3.921
3.7805
3.5945
3.6205
3.967
3.822
4.041
3.806
3.839
3.921
4.0745
4.0655
3.844
3.69
3.713
3.893
3.7655
3.869
3.943
4.0345
3.5895
4.107
3.6535
3.528
3.548
3.4185
3.7415
3.556
3.5725
3.454
3.7325
3.6195
3.6075
3.4465
3.9075
3.329
3.6645
3.544
3.62
3.899
3.617
3.3495
3.5475
3.811
3.4615
4.0965
3.912
3.9325
3.823
3.6395
3.829
4.056
3.4885
4.069
3.829
3.8125
3.6255
3.5725
3.2965
3.81
3.427
3.366
3.9615
3.6185
3.453
3.741
3.4275
3.482
3.561
3.166
3.2695
3.087
3.23
3.4785
3.3245
3.1155
3.0805
3.5825
3.2925
3.243
3.394
3.1965
3.1895
3.359
3.415
3.1875
3.0165
2.806
2.7995
3.039
3.4825
3.278
3.197
3.0625
3.0835
3.088
2.992
2.979
3.2225
3.2465
3.1565
3.109
2.8925
2.954
2.819
2.7595
2.7805
2.93
2.999
2.716
2.8025
2.7175
2.616
2.566
2.617
2.7525
2.6065
2.71
2.67
2.728
2.672
2.7675
2.642
2.776
2.776
2.6235
2.6505
2.687
2.7365
2.787
2.73
2.692
