170.0167241678958
176.64787073123745
169.91189690080228
172.1358342709943
167.78109341799995
173.57266035900105
169.2674691573519
171.20912323932754
184.27867309390228
182.99900371751428
175.18885312089617
180.36481496861035
178.28124904798094
184.98959132785419
190.7139460885492
181.37988597657403
180.84036395155718
175.1758794472214
180.2691099328817
189.54245519896463
176.55358579025523
188.1532177220588
180.63752373650524
179.9104036558005
178.4887086525108
183.48539232712042
191.32957558357106
194.0352264723225
194.13398043330665
187.8800181728672
188.03111863713616
194.1410544031653
190.94455712106696
195.92498622862212
200.4496938467234
203.89710332030452
197.39635098153164
188.59231449588864
179.66149725266712
196.76446092212575
174.7181203767555
189.93660538556077
191.294830661079
195.8205070972855
189.61046777145063
181.28005751487322
192.84924152283705
182.35588058693352
184.86094344301011
193.14360068174383
195.87860557388308
196.63348638616742
194.24930708654082
189.61094068856607
190.35473740672379
178.92734964654227
188.2096873619968
190.14547884643045
181.93100475421343
184.89381468987582
187.0230668843255
189.19298395153422
178.71665555297372
183.83908232818717
183.15247509360313
182.46235713750045
176.23101321388955
180.3976556098015
175.49009148094984
180.4361550865737
171.6101706991577
179.22504614255845
181.46102995746674
184.8352720383139
184.32926028562485
182.10001704112128
179.88320904938644
181.4550240209067
196.33508445285818
188.92327527240755
187.70116138473284
185.1653448132419
192.81595734966282
188.13585901648
192.1485598206716
186.69601588884595
188.63335838326054
188.13882885547372
192.34243500047384
191.84182558084663
200.2598479576923
191.36407909957023
191.70072127842997
193.77183456787978
189.98246714321144
192.6851180318263
193.6317663023932
192.4672742665439
198.1364736318068
188.40856037562477
