183.51982923306764
177.32013305650813
185.5841107368384
175.39984589967216
187.11199424522204
177.2506850703174
189.9060264641614
174.17754590718897
188.51530462627653
176.3778657268266
171.6566059115393
183.03879951886591
171.8645505386378
178.38352768913995
178.57010876724922
174.21550336148874
185.12997804397074
176.8334320484725
181.88398559873932
193.25830317791727
186.1234938134436
185.94706940491943
189.3534461456188
181.1393448869252
186.17889737229166
180.74532653639164
176.74877576754744
183.9904505519523
179.08947862214634
189.8955435819483
183.20796147980028
173.50135779148764
192.3109356083275
194.09765320667805
188.04289066758065
192.43499372282895
188.16984987729847
190.5717635506319
189.24285893297164
190.60396098407057
181.61514906727353
184.28431602857142
189.7061907333309
181.39539320521726
195.3970029028269
189.93705962894842
186.7417372256041
179.53975129604243
188.59456174339863
176.1839575370352
181.6360819106595
192.66682349167647
180.5088592366935
194.50818965860475
187.67971389228876
182.27402047237177
190.92208299118352
187.99628969123506
193.41737470430485
185.90425176048936
184.61221898013974
186.53282514768804
198.21839701380458
197.87297987520182
206.87598746094616
182.67123463939492
186.02417463360473
186.22653393512738
200.3832714556333
185.8750138708861
182.84938209443916
196.6871894794376
199.6847468173488
195.68313364729175
194.81937902372053
185.74547302513866
195.03948841224204
189.15964325643662
184.26751994314276
196.8136385213428
186.68215994234154
184.85643653327003
189.41561422573605
181.75363782771
185.92737509853785
184.12560486442325
190.45985964299425
195.34065212895467
194.99389416188518
201.4248796149875
199.89080908416355
203.40217511902588
208.5203306966669
203.58626820753852
205.72186335647606
220.54478456601242
216.67330355893978
216.6459213130165
221.1431801054953
226.48043625069175
